Experiment time:	2021-07-07 11:34:00	Scanning Mode:	Time Sweep
Total Loop:	10	Point per loop:	40
Signal	Reference	Time(ns)	Loop Num
0	15	100.0	0
0	39	200.0	0
0	17	300.0	0
1	40	400.0	0
1	18	500.0	0
0	29	600.0	0
1	31	700.0	0
0	75	800.0	0
0	1440	900.0	0
0	1469	1000.0	0
0	1374	1100.0	0
0	1468	1200.0	0
1	1485	1300.0	0
0	1286	1400.0	0
2	1365	1500.0	0
0	1358	1600.0	0
1	1385	1700.0	0
0	1413	1800.0	0
0	1326	1900.0	0
0	1349	2000.0	0
1	1450	2100.0	0
0	1481	2200.0	0
0	1335	2300.0	0
0	1578	2400.0	0
2	1607	2500.0	0
0	1753	2600.0	0
0	1706	2700.0	0
0	1449	2800.0	0
0	29	2900.0	0
1	27	3000.0	0
3	33	3100.0	0
2	29	3200.0	0
0	42	3300.0	0
0	31	3400.0	0
0	20	3500.0	0
0	25	3600.0	0
0	22	3700.0	0
1	34	3800.0	0
0	30	3900.0	0
0	21	4000.0	0
1	13	100.0	1
1	25	200.0	1
0	25	300.0	1
1	28	400.0	1
0	25	500.0	1
1	24	600.0	1
0	33	700.0	1
0	80	800.0	1
0	1323	900.0	1
1	1558	1000.0	1
3	1442	1100.0	1
0	1296	1200.0	1
0	1386	1300.0	1
0	1424	1400.0	1
1	1444	1500.0	1
2	1326	1600.0	1
1	1334	1700.0	1
0	1373	1800.0	1
0	1393	1900.0	1
0	1433	2000.0	1
1	1461	2100.0	1
1	1336	2200.0	1
0	1356	2300.0	1
1	1752	2400.0	1
0	1676	2500.0	1
0	1783	2600.0	1
1	1624	2700.0	1
0	1360	2800.0	1
0	33	2900.0	1
0	28	3000.0	1
1	25	3100.0	1
0	35	3200.0	1
0	26	3300.0	1
0	28	3400.0	1
0	20	3500.0	1
0	22	3600.0	1
0	22	3700.0	1
1	23	3800.0	1
0	15	3900.0	1
1	29	4000.0	1
0	15	100.0	2
0	19	200.0	2
0	28	300.0	2
0	21	400.0	2
1	19	500.0	2
2	29	600.0	2
1	30	700.0	2
0	99	800.0	2
0	1373	900.0	2
0	1380	1000.0	2
0	1346	1100.0	2
0	1453	1200.0	2
2	1338	1300.0	2
0	1399	1400.0	2
2	1429	1500.0	2
0	1459	1600.0	2
0	1381	1700.0	2
0	1349	1800.0	2
0	1416	1900.0	2
0	1344	2000.0	2
0	1337	2100.0	2
0	1396	2200.0	2
1	1416	2300.0	2
0	1555	2400.0	2
0	1733	2500.0	2
1	1638	2600.0	2
2	1650	2700.0	2
1	1405	2800.0	2
0	30	2900.0	2
0	33	3000.0	2
2	30	3100.0	2
2	32	3200.0	2
0	21	3300.0	2
0	26	3400.0	2
1	27	3500.0	2
0	21	3600.0	2
1	28	3700.0	2
0	25	3800.0	2
0	27	3900.0	2
0	29	4000.0	2
0	8	100.0	3
0	26	200.0	3
1	22	300.0	3
2	32	400.0	3
0	28	500.0	3
1	20	600.0	3
0	22	700.0	3
0	76	800.0	3
0	1491	900.0	3
0	1504	1000.0	3
0	1293	1100.0	3
0	1335	1200.0	3
0	1401	1300.0	3
0	1322	1400.0	3
0	1482	1500.0	3
0	1511	1600.0	3
0	1463	1700.0	3
2	1422	1800.0	3
0	1398	1900.0	3
0	1391	2000.0	3
0	1418	2100.0	3
0	1312	2200.0	3
0	1407	2300.0	3
0	1764	2400.0	3
0	1684	2500.0	3
0	1653	2600.0	3
1	1587	2700.0	3
0	1383	2800.0	3
1	35	2900.0	3
0	33	3000.0	3
0	36	3100.0	3
0	35	3200.0	3
0	23	3300.0	3
0	27	3400.0	3
1	26	3500.0	3
0	21	3600.0	3
0	34	3700.0	3
0	28	3800.0	3
0	29	3900.0	3
1	29	4000.0	3
0	13	100.0	4
1	33	200.0	4
0	20	300.0	4
0	27	400.0	4
0	23	500.0	4
1	27	600.0	4
1	22	700.0	4
0	74	800.0	4
0	1479	900.0	4
0	1464	1000.0	4
0	1351	1100.0	4
1	1400	1200.0	4
2	1467	1300.0	4
0	1363	1400.0	4
0	1484	1500.0	4
0	1422	1600.0	4
0	1381	1700.0	4
1	1334	1800.0	4
1	1427	1900.0	4
0	1396	2000.0	4
2	1377	2100.0	4
0	1310	2200.0	4
0	1378	2300.0	4
1	1814	2400.0	4
0	1680	2500.0	4
4	1689	2600.0	4
1	1789	2700.0	4
0	1394	2800.0	4
0	26	2900.0	4
0	36	3000.0	4
0	34	3100.0	4
0	32	3200.0	4
0	33	3300.0	4
0	29	3400.0	4
2	35	3500.0	4
0	25	3600.0	4
0	33	3700.0	4
1	29	3800.0	4
1	42	3900.0	4
0	21	4000.0	4
0	10	100.0	5
0	49	200.0	5
0	25	300.0	5
1	30	400.0	5
1	40	500.0	5
0	26	600.0	5
0	33	700.0	5
0	81	800.0	5
0	1463	900.0	5
1	1345	1000.0	5
1	1304	1100.0	5
0	1423	1200.0	5
1	1388	1300.0	5
1	1329	1400.0	5
2	1413	1500.0	5
0	1417	1600.0	5
0	1388	1700.0	5
1	1457	1800.0	5
0	1425	1900.0	5
0	1433	2000.0	5
1	1443	2100.0	5
1	1508	2200.0	5
0	1405	2300.0	5
0	1596	2400.0	5
0	1650	2500.0	5
1	1791	2600.0	5
1	1574	2700.0	5
1	1440	2800.0	5
2	22	2900.0	5
0	32	3000.0	5
0	33	3100.0	5
0	37	3200.0	5
0	15	3300.0	5
0	23	3400.0	5
0	29	3500.0	5
0	25	3600.0	5
0	22	3700.0	5
0	24	3800.0	5
0	19	3900.0	5
0	34	4000.0	5
0	20	100.0	6
0	41	200.0	6
2	23	300.0	6
2	30	400.0	6
2	31	500.0	6
0	31	600.0	6
1	24	700.0	6
0	62	800.0	6
0	1434	900.0	6
1	1513	1000.0	6
0	1391	1100.0	6
1	1454	1200.0	6
1	1451	1300.0	6
1	1409	1400.0	6
0	1397	1500.0	6
0	1350	1600.0	6
0	1310	1700.0	6
3	1340	1800.0	6
0	1389	1900.0	6
1	1297	2000.0	6
1	1420	2100.0	6
0	1321	2200.0	6
0	1362	2300.0	6
0	1574	2400.0	6
0	1570	2500.0	6
0	1600	2600.0	6
0	1513	2700.0	6
0	1361	2800.0	6
0	29	2900.0	6
0	35	3000.0	6
0	34	3100.0	6
0	36	3200.0	6
0	32	3300.0	6
0	24	3400.0	6
0	33	3500.0	6
0	30	3600.0	6
0	19	3700.0	6
1	30	3800.0	6
0	17	3900.0	6
1	22	4000.0	6
0	14	100.0	7
0	35	200.0	7
2	24	300.0	7
0	31	400.0	7
1	50	500.0	7
1	30	600.0	7
0	36	700.0	7
0	65	800.0	7
1	1378	900.0	7
0	1382	1000.0	7
0	1505	1100.0	7
0	1401	1200.0	7
1	1357	1300.0	7
1	1369	1400.0	7
0	1391	1500.0	7
1	1346	1600.0	7
1	1435	1700.0	7
1	1384	1800.0	7
0	1328	1900.0	7
0	1394	2000.0	7
0	1300	2100.0	7
0	1330	2200.0	7
0	1347	2300.0	7
0	1565	2400.0	7
1	1623	2500.0	7
0	1551	2600.0	7
0	1524	2700.0	7
2	1155	2800.0	7
0	28	2900.0	7
0	38	3000.0	7
0	27	3100.0	7
0	37	3200.0	7
1	29	3300.0	7
0	29	3400.0	7
0	23	3500.0	7
0	25	3600.0	7
0	26	3700.0	7
0	27	3800.0	7
0	22	3900.0	7
0	26	4000.0	7
0	10	100.0	8
0	19	200.0	8
1	25	300.0	8
0	30	400.0	8
0	26	500.0	8
0	30	600.0	8
0	28	700.0	8
0	94	800.0	8
1	1345	900.0	8
0	1343	1000.0	8
2	1408	1100.0	8
0	1324	1200.0	8
0	1376	1300.0	8
0	1514	1400.0	8
0	1367	1500.0	8
0	1374	1600.0	8
0	1379	1700.0	8
2	1440	1800.0	8
0	1351	1900.0	8
2	1318	2000.0	8
3	1361	2100.0	8
1	1348	2200.0	8
0	1384	2300.0	8
0	1548	2400.0	8
0	1600	2500.0	8
0	1636	2600.0	8
0	1576	2700.0	8
0	1392	2800.0	8
1	25	2900.0	8
0	26	3000.0	8
2	25	3100.0	8
0	32	3200.0	8
1	25	3300.0	8
0	26	3400.0	8
0	32	3500.0	8
0	17	3600.0	8
0	26	3700.0	8
1	26	3800.0	8
0	19	3900.0	8
0	24	4000.0	8
0	14	100.0	9
1	30	200.0	9
0	33	300.0	9
1	30	400.0	9
1	31	500.0	9
1	26	600.0	9
0	32	700.0	9
0	94	800.0	9
1	1471	900.0	9
0	1321	1000.0	9
0	1270	1100.0	9
1	1362	1200.0	9
0	1243	1300.0	9
0	1260	1400.0	9
0	1262	1500.0	9
0	1354	1600.0	9
1	1380	1700.0	9
0	1346	1800.0	9
0	1370	1900.0	9
0	1411	2000.0	9
0	1419	2100.0	9
0	1406	2200.0	9
0	1385	2300.0	9
0	1804	2400.0	9
0	1593	2500.0	9
3	1666	2600.0	9
0	1523	2700.0	9
0	1377	2800.0	9
0	37	2900.0	9
0	37	3000.0	9
2	110	3100.0	9
0	32	3200.0	9
0	25	3300.0	9
0	24	3400.0	9
0	33	3500.0	9
0	33	3600.0	9
0	25	3700.0	9
0	29	3800.0	9
0	33	3900.0	9
0	22	4000.0	9
