Experiment time:	2021-07-08 15:55:29	Scanning Mode:	Time Sweep
Total Loop:	10	Point per loop:	500
Signal	Reference	Time(ns)	Loop Num
0	0	1.0	0
0	0	2.0	0
0	0	3.0	0
0	0	4.0	0
0	0	5.0	0
0	0	6.0	0
0	0	7.0	0
0	0	8.0	0
0	0	9.0	0
0	0	10.0	0
0	0	11.0	0
0	0	12.0	0
0	0	13.0	0
0	0	14.0	0
0	0	15.0	0
0	0	16.0	0
0	0	17.0	0
0	0	18.0	0
0	0	19.0	0
0	0	20.0	0
0	0	21.0	0
0	0	22.0	0
0	0	23.0	0
0	0	24.0	0
0	0	25.0	0
0	0	26.0	0
0	0	27.0	0
0	0	28.0	0
0	0	29.0	0
0	0	30.0	0
0	0	31.0	0
0	0	32.0	0
0	0	33.0	0
0	0	34.0	0
0	0	35.0	0
0	0	36.0	0
0	0	37.0	0
0	0	38.0	0
0	0	39.0	0
0	0	40.0	0
0	0	41.0	0
0	0	42.0	0
0	0	43.0	0
0	0	44.0	0
0	0	45.0	0
0	0	46.0	0
0	0	47.0	0
0	0	48.0	0
0	0	49.0	0
0	0	50.0	0
0	0	51.0	0
0	0	52.0	0
0	0	53.0	0
0	0	54.0	0
0	0	55.0	0
0	0	56.0	0
0	0	57.0	0
0	0	58.0	0
0	0	59.0	0
0	0	60.0	0
0	0	61.0	0
0	0	62.0	0
0	0	63.0	0
0	0	64.0	0
0	0	65.0	0
0	0	66.0	0
0	0	67.0	0
0	0	68.0	0
0	0	69.0	0
0	0	70.0	0
0	0	71.0	0
0	0	72.0	0
0	0	73.0	0
0	0	74.0	0
0	0	75.0	0
0	0	76.0	0
0	0	77.0	0
0	0	78.0	0
0	0	79.0	0
0	0	80.0	0
0	0	81.0	0
0	0	82.0	0
0	0	83.0	0
0	0	84.0	0
0	0	85.0	0
0	0	86.0	0
0	0	87.0	0
0	0	88.0	0
0	0	89.0	0
0	0	90.0	0
0	0	91.0	0
0	0	92.0	0
0	0	93.0	0
0	0	94.0	0
0	0	95.0	0
0	0	96.0	0
0	0	97.0	0
0	6010	98.0	0
0	15524	99.0	0
0	15558	100.0	0
0	15511	101.0	0
0	25175	102.0	0
2884	34446	103.0	0
2941	34470	104.0	0
2896	34388	105.0	0
10516	44012	106.0	0
21740	49999	107.0	0
21768	49999	108.0	0
21773	49999	109.0	0
33676	49999	110.0	0
49979	49999	111.0	0
49959	49999	112.0	0
49974	49999	113.0	0
49999	49999	114.0	0
49999	49999	115.0	0
49999	49999	116.0	0
49999	49999	117.0	0
49999	49999	118.0	0
49999	49999	119.0	0
49999	49999	120.0	0
49999	49999	121.0	0
49999	49999	122.0	0
49999	49999	123.0	0
49999	49999	124.0	0
49999	49999	125.0	0
49999	49999	126.0	0
49999	49999	127.0	0
49999	49999	128.0	0
49999	49999	129.0	0
49999	49999	130.0	0
49999	49999	131.0	0
49999	49999	132.0	0
49999	49999	133.0	0
49999	49999	134.0	0
49999	49999	135.0	0
49999	49999	136.0	0
49999	49999	137.0	0
49999	49999	138.0	0
49999	49999	139.0	0
49999	49999	140.0	0
49999	49999	141.0	0
49999	49999	142.0	0
49999	49999	143.0	0
49999	49999	144.0	0
49999	49999	145.0	0
49999	49999	146.0	0
49999	49999	147.0	0
49999	49999	148.0	0
49999	49999	149.0	0
49999	49999	150.0	0
49999	49999	151.0	0
49999	49999	152.0	0
49999	49999	153.0	0
49999	49999	154.0	0
49999	49999	155.0	0
49999	49999	156.0	0
49999	49999	157.0	0
49999	49999	158.0	0
49999	49999	159.0	0
49999	49999	160.0	0
49999	49999	161.0	0
49999	49999	162.0	0
49999	49999	163.0	0
49999	49999	164.0	0
49999	49999	165.0	0
49999	49999	166.0	0
49999	49999	167.0	0
49999	49999	168.0	0
49999	49999	169.0	0
49999	49999	170.0	0
49999	49999	171.0	0
49999	49999	172.0	0
49999	49999	173.0	0
49999	49999	174.0	0
49999	49999	175.0	0
49999	49999	176.0	0
49999	49999	177.0	0
49999	49999	178.0	0
49999	49999	179.0	0
49999	49999	180.0	0
49999	49999	181.0	0
49999	49999	182.0	0
49999	49999	183.0	0
49999	49999	184.0	0
49999	49999	185.0	0
49999	49999	186.0	0
49999	49999	187.0	0
49999	49999	188.0	0
49999	49999	189.0	0
49999	49999	190.0	0
49999	49999	191.0	0
49999	49999	192.0	0
49999	49999	193.0	0
49999	49999	194.0	0
49999	49999	195.0	0
49999	49999	196.0	0
49999	49999	197.0	0
49999	49999	198.0	0
49999	49999	199.0	0
49999	49999	200.0	0
49999	49999	201.0	0
49999	49999	202.0	0
49999	49999	203.0	0
49999	49999	204.0	0
49999	49999	205.0	0
49999	49999	206.0	0
49999	49999	207.0	0
49999	49999	208.0	0
49999	49999	209.0	0
49999	49999	210.0	0
49999	49999	211.0	0
49999	49999	212.0	0
49999	49999	213.0	0
49999	49999	214.0	0
49999	49999	215.0	0
49999	49999	216.0	0
49999	49999	217.0	0
49999	49999	218.0	0
49999	49999	219.0	0
49999	49999	220.0	0
49999	49999	221.0	0
49999	49999	222.0	0
49999	49999	223.0	0
49999	49999	224.0	0
49999	49999	225.0	0
49999	49999	226.0	0
49999	49999	227.0	0
49999	49999	228.0	0
49999	49999	229.0	0
49999	49999	230.0	0
49999	49999	231.0	0
49999	49999	232.0	0
49999	49999	233.0	0
49999	49999	234.0	0
49999	49999	235.0	0
49999	49999	236.0	0
49999	49999	237.0	0
49999	49999	238.0	0
49999	49999	239.0	0
49999	49999	240.0	0
49999	49999	241.0	0
49999	49999	242.0	0
49999	49999	243.0	0
49999	49999	244.0	0
49999	49999	245.0	0
49999	49999	246.0	0
49999	49999	247.0	0
49999	49999	248.0	0
49999	49999	249.0	0
49999	49999	250.0	0
49999	49999	251.0	0
49999	49999	252.0	0
49999	49999	253.0	0
49999	49999	254.0	0
49999	49999	255.0	0
49999	49999	256.0	0
49999	49999	257.0	0
49999	49999	258.0	0
49999	49999	259.0	0
49999	49999	260.0	0
49999	49999	261.0	0
49999	49999	262.0	0
49999	49999	263.0	0
49999	49999	264.0	0
49999	49999	265.0	0
49999	49999	266.0	0
49999	49999	267.0	0
49999	49999	268.0	0
49999	49999	269.0	0
49999	49999	270.0	0
49999	49999	271.0	0
49999	49999	272.0	0
49999	49999	273.0	0
49999	49999	274.0	0
49999	49999	275.0	0
49999	49999	276.0	0
49999	49999	277.0	0
49999	49999	278.0	0
49999	49999	279.0	0
49999	49999	280.0	0
49999	49999	281.0	0
49999	49999	282.0	0
49999	49999	283.0	0
49999	49999	284.0	0
49999	49999	285.0	0
49999	49999	286.0	0
49999	49999	287.0	0
49999	49999	288.0	0
49999	49999	289.0	0
49999	49999	290.0	0
49999	49999	291.0	0
49999	49999	292.0	0
49999	49999	293.0	0
49999	49999	294.0	0
49999	49999	295.0	0
49999	49999	296.0	0
49999	49999	297.0	0
49999	49999	298.0	0
49999	49999	299.0	0
49999	49999	300.0	0
49999	49999	301.0	0
49999	49999	302.0	0
49999	49999	303.0	0
49999	49999	304.0	0
49999	49999	305.0	0
49999	49999	306.0	0
49999	49999	307.0	0
49999	49999	308.0	0
49999	49999	309.0	0
49999	49999	310.0	0
49999	49999	311.0	0
49999	49999	312.0	0
49999	49999	313.0	0
49999	49999	314.0	0
49999	49999	315.0	0
49999	49999	316.0	0
49999	49999	317.0	0
49999	49999	318.0	0
49999	49999	319.0	0
49999	49999	320.0	0
49999	49999	321.0	0
49999	49999	322.0	0
49999	49999	323.0	0
49999	49999	324.0	0
49999	49999	325.0	0
49999	49999	326.0	0
49999	49999	327.0	0
49999	49999	328.0	0
49999	49999	329.0	0
49999	49999	330.0	0
49999	49999	331.0	0
49999	49999	332.0	0
49999	49999	333.0	0
49999	49999	334.0	0
49999	49999	335.0	0
49999	49999	336.0	0
49999	49999	337.0	0
49999	49999	338.0	0
49999	49999	339.0	0
49999	49999	340.0	0
49999	49999	341.0	0
49999	49999	342.0	0
49999	49999	343.0	0
49999	49999	344.0	0
49999	49999	345.0	0
49999	49999	346.0	0
49999	49999	347.0	0
49999	49999	348.0	0
49999	49999	349.0	0
49999	49999	350.0	0
49999	49999	351.0	0
49999	49999	352.0	0
49999	49999	353.0	0
49999	49999	354.0	0
49999	49999	355.0	0
49999	49999	356.0	0
49999	49999	357.0	0
49999	49999	358.0	0
49999	49999	359.0	0
49999	49999	360.0	0
49999	49999	361.0	0
49999	49999	362.0	0
49999	49999	363.0	0
49999	49999	364.0	0
49999	49999	365.0	0
49999	49999	366.0	0
49999	49999	367.0	0
49999	49999	368.0	0
49999	49999	369.0	0
49999	49999	370.0	0
49999	49999	371.0	0
49999	49999	372.0	0
49999	49999	373.0	0
49999	49999	374.0	0
49999	49999	375.0	0
49999	49999	376.0	0
49999	49999	377.0	0
49999	49999	378.0	0
49999	49999	379.0	0
49999	49999	380.0	0
49999	49999	381.0	0
49999	49999	382.0	0
49999	49999	383.0	0
49999	49999	384.0	0
49999	49999	385.0	0
49999	49999	386.0	0
49999	49999	387.0	0
49999	49999	388.0	0
49999	49999	389.0	0
49999	49999	390.0	0
49999	49999	391.0	0
49999	49999	392.0	0
49999	49999	393.0	0
49999	47987	394.0	0
49999	40087	395.0	0
49999	40095	396.0	0
49999	40106	397.0	0
49005	32198	398.0	0
35638	20797	399.0	0
35634	20808	400.0	0
35690	20693	401.0	0
23737	10040	402.0	0
15135	635	403.0	0
15210	611	404.0	0
15116	685	405.0	0
6122	0	406.0	0
0	0	407.0	0
0	0	408.0	0
0	0	409.0	0
0	0	410.0	0
0	0	411.0	0
0	0	412.0	0
0	0	413.0	0
0	0	414.0	0
0	0	415.0	0
0	0	416.0	0
0	0	417.0	0
0	0	418.0	0
0	0	419.0	0
0	0	420.0	0
0	0	421.0	0
0	0	422.0	0
0	0	423.0	0
0	0	424.0	0
0	0	425.0	0
0	0	426.0	0
0	0	427.0	0
0	0	428.0	0
0	0	429.0	0
0	0	430.0	0
0	0	431.0	0
0	0	432.0	0
0	0	433.0	0
0	0	434.0	0
0	0	435.0	0
0	0	436.0	0
0	0	437.0	0
0	0	438.0	0
0	0	439.0	0
0	0	440.0	0
0	0	441.0	0
0	0	442.0	0
0	0	443.0	0
0	0	444.0	0
0	0	445.0	0
0	0	446.0	0
0	0	447.0	0
0	0	448.0	0
0	0	449.0	0
0	0	450.0	0
0	0	451.0	0
0	0	452.0	0
0	0	453.0	0
0	0	454.0	0
0	0	455.0	0
0	0	456.0	0
0	0	457.0	0
0	0	458.0	0
0	0	459.0	0
0	0	460.0	0
0	0	461.0	0
0	0	462.0	0
0	0	463.0	0
0	0	464.0	0
0	0	465.0	0
0	0	466.0	0
0	0	467.0	0
0	0	468.0	0
0	0	469.0	0
0	0	470.0	0
0	0	471.0	0
0	0	472.0	0
0	0	473.0	0
0	0	474.0	0
0	0	475.0	0
0	0	476.0	0
0	0	477.0	0
0	0	478.0	0
0	0	479.0	0
0	0	480.0	0
0	0	481.0	0
0	0	482.0	0
0	0	483.0	0
0	0	484.0	0
0	0	485.0	0
0	0	486.0	0
0	0	487.0	0
0	0	488.0	0
0	0	489.0	0
0	0	490.0	0
0	0	491.0	0
0	0	492.0	0
0	0	493.0	0
0	0	494.0	0
0	0	495.0	0
0	0	496.0	0
0	0	497.0	0
0	0	498.0	0
0	0	499.0	0
0	0	500.0	0
0	0	1.0	1
0	0	2.0	1
0	0	3.0	1
0	0	4.0	1
0	0	5.0	1
0	0	6.0	1
0	0	7.0	1
0	0	8.0	1
0	0	9.0	1
0	0	10.0	1
0	0	11.0	1
0	0	12.0	1
0	0	13.0	1
0	0	14.0	1
0	0	15.0	1
0	0	16.0	1
0	0	17.0	1
0	0	18.0	1
0	0	19.0	1
0	0	20.0	1
0	0	21.0	1
0	0	22.0	1
0	0	23.0	1
0	0	24.0	1
0	0	25.0	1
0	0	26.0	1
0	0	27.0	1
0	0	28.0	1
0	0	29.0	1
0	0	30.0	1
0	0	31.0	1
0	0	32.0	1
0	0	33.0	1
0	0	34.0	1
0	0	35.0	1
0	0	36.0	1
0	0	37.0	1
0	0	38.0	1
0	0	39.0	1
0	0	40.0	1
0	0	41.0	1
0	0	42.0	1
0	0	43.0	1
0	0	44.0	1
0	0	45.0	1
0	0	46.0	1
0	0	47.0	1
0	0	48.0	1
0	0	49.0	1
0	0	50.0	1
0	0	51.0	1
0	0	52.0	1
0	0	53.0	1
0	0	54.0	1
0	0	55.0	1
0	0	56.0	1
0	0	57.0	1
0	0	58.0	1
0	0	59.0	1
0	0	60.0	1
0	0	61.0	1
0	0	62.0	1
0	0	63.0	1
0	0	64.0	1
0	0	65.0	1
0	0	66.0	1
0	0	67.0	1
0	0	68.0	1
0	0	69.0	1
0	0	70.0	1
0	0	71.0	1
0	0	72.0	1
0	0	73.0	1
0	0	74.0	1
0	0	75.0	1
0	0	76.0	1
0	0	77.0	1
0	0	78.0	1
0	0	79.0	1
0	0	80.0	1
0	0	81.0	1
0	0	82.0	1
0	0	83.0	1
0	0	84.0	1
0	0	85.0	1
0	0	86.0	1
0	0	87.0	1
0	0	88.0	1
0	0	89.0	1
0	0	90.0	1
0	0	91.0	1
0	0	92.0	1
0	0	93.0	1
0	0	94.0	1
0	0	95.0	1
0	0	96.0	1
0	0	97.0	1
0	5947	98.0	1
0	15531	99.0	1
0	15503	100.0	1
0	15470	101.0	1
0	25195	102.0	1
2803	34453	103.0	1
2848	34398	104.0	1
2933	34381	105.0	1
10483	44010	106.0	1
21752	49999	107.0	1
21697	49999	108.0	1
21748	49999	109.0	1
33629	49999	110.0	1
49968	49999	111.0	1
49962	49999	112.0	1
49971	49999	113.0	1
49999	49999	114.0	1
49999	49999	115.0	1
49999	49999	116.0	1
49999	49999	117.0	1
49999	49999	118.0	1
49999	49999	119.0	1
49999	49999	120.0	1
49999	49999	121.0	1
49999	49999	122.0	1
49999	49999	123.0	1
49999	49999	124.0	1
49999	49999	125.0	1
49999	49999	126.0	1
49999	49999	127.0	1
49999	49999	128.0	1
49999	49999	129.0	1
49999	49999	130.0	1
49999	49999	131.0	1
49999	49999	132.0	1
49999	49999	133.0	1
49999	49999	134.0	1
49999	49999	135.0	1
49999	49999	136.0	1
49999	49999	137.0	1
49999	49999	138.0	1
49999	49999	139.0	1
49999	49999	140.0	1
49999	49999	141.0	1
49999	49999	142.0	1
49999	49999	143.0	1
49999	49999	144.0	1
49999	49999	145.0	1
49999	49999	146.0	1
49999	49999	147.0	1
49999	49999	148.0	1
49999	49999	149.0	1
49999	49999	150.0	1
49999	49999	151.0	1
49999	49999	152.0	1
49999	49999	153.0	1
49999	49999	154.0	1
49999	49999	155.0	1
49999	49999	156.0	1
49999	49999	157.0	1
49999	49999	158.0	1
49999	49999	159.0	1
49999	49999	160.0	1
49999	49999	161.0	1
49999	49999	162.0	1
49999	49999	163.0	1
49999	49999	164.0	1
49999	49999	165.0	1
49999	49999	166.0	1
49999	49999	167.0	1
49999	49999	168.0	1
49999	49999	169.0	1
49999	49999	170.0	1
49999	49999	171.0	1
49999	49999	172.0	1
49999	49999	173.0	1
49999	49999	174.0	1
49999	49999	175.0	1
49999	49999	176.0	1
49999	49999	177.0	1
49999	49999	178.0	1
49999	49999	179.0	1
49999	49999	180.0	1
49999	49999	181.0	1
49999	49999	182.0	1
49999	49999	183.0	1
49999	49999	184.0	1
49999	49999	185.0	1
49999	49999	186.0	1
49999	49999	187.0	1
49999	49999	188.0	1
49999	49999	189.0	1
49999	49999	190.0	1
49999	49999	191.0	1
49999	49999	192.0	1
49999	49999	193.0	1
49999	49999	194.0	1
49999	49999	195.0	1
49999	49999	196.0	1
49999	49999	197.0	1
49999	49999	198.0	1
49999	49999	199.0	1
49999	49999	200.0	1
49999	49999	201.0	1
49999	49999	202.0	1
49999	49999	203.0	1
49999	49999	204.0	1
49999	49999	205.0	1
49999	49999	206.0	1
49999	49999	207.0	1
49999	49999	208.0	1
49999	49999	209.0	1
49999	49999	210.0	1
49999	49999	211.0	1
49999	49999	212.0	1
49999	49999	213.0	1
49999	49999	214.0	1
49999	49999	215.0	1
49999	49999	216.0	1
49999	49999	217.0	1
49999	49999	218.0	1
49999	49999	219.0	1
49999	49999	220.0	1
49999	49999	221.0	1
49999	49999	222.0	1
49999	49999	223.0	1
49999	49999	224.0	1
49999	49999	225.0	1
49999	49999	226.0	1
49999	49999	227.0	1
49999	49999	228.0	1
49999	49999	229.0	1
49999	49999	230.0	1
49999	49999	231.0	1
49999	49999	232.0	1
49999	49999	233.0	1
49999	49999	234.0	1
49999	49999	235.0	1
49999	49999	236.0	1
49999	49999	237.0	1
49999	49999	238.0	1
49999	49999	239.0	1
49999	49999	240.0	1
49999	49999	241.0	1
49999	49999	242.0	1
49999	49999	243.0	1
49999	49999	244.0	1
49999	49999	245.0	1
49999	49999	246.0	1
49999	49999	247.0	1
49999	49999	248.0	1
49999	49999	249.0	1
49999	49999	250.0	1
49999	49999	251.0	1
49999	49999	252.0	1
49999	49999	253.0	1
49999	49999	254.0	1
49999	49999	255.0	1
49999	49999	256.0	1
49999	49999	257.0	1
49999	49999	258.0	1
49999	49999	259.0	1
49999	49999	260.0	1
49999	49999	261.0	1
49999	49999	262.0	1
49999	49999	263.0	1
49999	49999	264.0	1
49999	49999	265.0	1
49999	49999	266.0	1
49999	49999	267.0	1
49999	49999	268.0	1
49999	49999	269.0	1
49999	49999	270.0	1
49999	49999	271.0	1
49999	49999	272.0	1
49999	49999	273.0	1
49999	49999	274.0	1
49999	49999	275.0	1
49999	49999	276.0	1
49999	49999	277.0	1
49999	49999	278.0	1
49999	49999	279.0	1
49999	49999	280.0	1
49999	49999	281.0	1
49999	49999	282.0	1
49999	49999	283.0	1
49999	49999	284.0	1
49999	49999	285.0	1
49999	49999	286.0	1
49999	49999	287.0	1
49999	49999	288.0	1
49999	49999	289.0	1
49999	49999	290.0	1
49999	49999	291.0	1
49999	49999	292.0	1
49999	49999	293.0	1
49999	49999	294.0	1
49999	49999	295.0	1
49999	49999	296.0	1
49999	49999	297.0	1
49999	49999	298.0	1
49999	49999	299.0	1
49999	49999	300.0	1
49999	49999	301.0	1
49999	49999	302.0	1
49999	49999	303.0	1
49999	49999	304.0	1
49999	49999	305.0	1
49999	49999	306.0	1
49999	49999	307.0	1
49999	49999	308.0	1
49999	49999	309.0	1
49999	49999	310.0	1
49999	49999	311.0	1
49999	49999	312.0	1
49999	49999	313.0	1
49999	49999	314.0	1
49999	49999	315.0	1
49999	49999	316.0	1
49999	49999	317.0	1
49999	49999	318.0	1
49999	49999	319.0	1
49999	49999	320.0	1
49999	49999	321.0	1
49999	49999	322.0	1
49999	49999	323.0	1
49999	49999	324.0	1
49999	49999	325.0	1
49999	49999	326.0	1
49999	49999	327.0	1
49999	49999	328.0	1
49999	49999	329.0	1
49999	49999	330.0	1
49999	49999	331.0	1
49999	49999	332.0	1
49999	49999	333.0	1
49999	49999	334.0	1
49999	49999	335.0	1
49999	49999	336.0	1
49999	49999	337.0	1
49999	49999	338.0	1
49999	49999	339.0	1
49999	49999	340.0	1
49999	49999	341.0	1
49999	49999	342.0	1
49999	49999	343.0	1
49999	49999	344.0	1
49999	49999	345.0	1
49999	49999	346.0	1
49999	49999	347.0	1
49999	49999	348.0	1
49999	49999	349.0	1
49999	49999	350.0	1
49999	49999	351.0	1
49999	49999	352.0	1
49999	49999	353.0	1
49999	49999	354.0	1
49999	49999	355.0	1
49999	49999	356.0	1
49999	49999	357.0	1
49999	49999	358.0	1
49999	49999	359.0	1
49999	49999	360.0	1
49999	49999	361.0	1
49999	49999	362.0	1
49999	49999	363.0	1
49999	49999	364.0	1
49999	49999	365.0	1
49999	49999	366.0	1
49999	49999	367.0	1
49999	49999	368.0	1
49999	49999	369.0	1
49999	49999	370.0	1
49999	49999	371.0	1
49999	49999	372.0	1
49999	49999	373.0	1
49999	49999	374.0	1
49999	49999	375.0	1
49999	49999	376.0	1
49999	49999	377.0	1
49999	49999	378.0	1
49999	49999	379.0	1
49999	49999	380.0	1
49999	49999	381.0	1
49999	49999	382.0	1
49999	49999	383.0	1
49999	49999	384.0	1
49999	49999	385.0	1
49999	49999	386.0	1
49999	49999	387.0	1
49999	49999	388.0	1
49999	49999	389.0	1
49999	49999	390.0	1
49999	49999	391.0	1
49999	49999	392.0	1
49999	49999	393.0	1
49999	48058	394.0	1
49999	39996	395.0	1
49999	40092	396.0	1
49999	40139	397.0	1
49054	32134	398.0	1
35609	20795	399.0	1
35663	20807	400.0	1
35601	20904	401.0	1
23837	9949	402.0	1
15099	576	403.0	1
15151	651	404.0	1
15215	666	405.0	1
6095	0	406.0	1
0	0	407.0	1
0	0	408.0	1
0	0	409.0	1
0	0	410.0	1
0	0	411.0	1
0	0	412.0	1
0	0	413.0	1
0	0	414.0	1
0	0	415.0	1
0	0	416.0	1
0	0	417.0	1
0	0	418.0	1
0	0	419.0	1
0	0	420.0	1
0	0	421.0	1
0	0	422.0	1
0	0	423.0	1
0	0	424.0	1
0	0	425.0	1
0	0	426.0	1
0	0	427.0	1
0	0	428.0	1
0	0	429.0	1
0	0	430.0	1
0	0	431.0	1
0	0	432.0	1
0	0	433.0	1
0	0	434.0	1
0	0	435.0	1
0	0	436.0	1
0	0	437.0	1
0	0	438.0	1
0	0	439.0	1
0	0	440.0	1
0	0	441.0	1
0	0	442.0	1
0	0	443.0	1
0	0	444.0	1
0	0	445.0	1
0	0	446.0	1
0	0	447.0	1
0	0	448.0	1
0	0	449.0	1
0	0	450.0	1
0	0	451.0	1
0	0	452.0	1
0	0	453.0	1
0	0	454.0	1
0	0	455.0	1
0	0	456.0	1
0	0	457.0	1
0	0	458.0	1
0	0	459.0	1
0	0	460.0	1
0	0	461.0	1
0	0	462.0	1
0	0	463.0	1
0	0	464.0	1
0	0	465.0	1
0	0	466.0	1
0	0	467.0	1
0	0	468.0	1
0	0	469.0	1
0	0	470.0	1
0	0	471.0	1
0	0	472.0	1
0	0	473.0	1
0	0	474.0	1
0	0	475.0	1
0	0	476.0	1
0	0	477.0	1
0	0	478.0	1
0	0	479.0	1
0	0	480.0	1
0	0	481.0	1
0	0	482.0	1
0	0	483.0	1
0	0	484.0	1
0	0	485.0	1
0	0	486.0	1
0	0	487.0	1
0	0	488.0	1
0	0	489.0	1
0	0	490.0	1
0	0	491.0	1
0	0	492.0	1
0	0	493.0	1
0	0	494.0	1
0	0	495.0	1
0	0	496.0	1
0	0	497.0	1
0	0	498.0	1
0	0	499.0	1
0	0	500.0	1
0	0	1.0	2
0	0	2.0	2
0	0	3.0	2
0	0	4.0	2
0	0	5.0	2
0	0	6.0	2
0	0	7.0	2
0	0	8.0	2
0	0	9.0	2
0	0	10.0	2
0	0	11.0	2
0	0	12.0	2
0	0	13.0	2
0	0	14.0	2
0	0	15.0	2
0	0	16.0	2
0	0	17.0	2
0	0	18.0	2
0	0	19.0	2
0	0	20.0	2
0	0	21.0	2
0	0	22.0	2
0	0	23.0	2
0	0	24.0	2
0	0	25.0	2
0	0	26.0	2
0	0	27.0	2
0	0	28.0	2
0	0	29.0	2
0	0	30.0	2
0	0	31.0	2
0	0	32.0	2
0	0	33.0	2
0	0	34.0	2
0	0	35.0	2
0	0	36.0	2
0	0	37.0	2
0	0	38.0	2
0	0	39.0	2
0	0	40.0	2
0	0	41.0	2
0	0	42.0	2
0	0	43.0	2
0	0	44.0	2
0	0	45.0	2
0	0	46.0	2
0	0	47.0	2
0	0	48.0	2
0	0	49.0	2
0	0	50.0	2
0	0	51.0	2
0	0	52.0	2
0	0	53.0	2
0	0	54.0	2
0	0	55.0	2
0	0	56.0	2
0	0	57.0	2
0	0	58.0	2
0	0	59.0	2
0	0	60.0	2
0	0	61.0	2
0	0	62.0	2
0	0	63.0	2
0	0	64.0	2
0	0	65.0	2
0	0	66.0	2
0	0	67.0	2
0	0	68.0	2
0	0	69.0	2
0	0	70.0	2
0	0	71.0	2
0	0	72.0	2
0	0	73.0	2
0	0	74.0	2
0	0	75.0	2
0	0	76.0	2
0	0	77.0	2
0	0	78.0	2
0	0	79.0	2
0	0	80.0	2
0	0	81.0	2
0	0	82.0	2
0	0	83.0	2
0	0	84.0	2
0	0	85.0	2
0	0	86.0	2
0	0	87.0	2
0	0	88.0	2
0	0	89.0	2
0	0	90.0	2
0	0	91.0	2
0	0	92.0	2
0	0	93.0	2
0	0	94.0	2
0	0	95.0	2
0	0	96.0	2
0	0	97.0	2
0	5926	98.0	2
0	15464	99.0	2
0	15488	100.0	2
0	15473	101.0	2
0	25156	102.0	2
2809	34466	103.0	2
2837	34486	104.0	2
2854	34406	105.0	2
10522	43943	106.0	2
21609	49999	107.0	2
21697	49999	108.0	2
21673	49999	109.0	2
33601	49999	110.0	2
49968	49999	111.0	2
49962	49999	112.0	2
49968	49999	113.0	2
49999	49999	114.0	2
49999	49999	115.0	2
49999	49999	116.0	2
49999	49999	117.0	2
49999	49999	118.0	2
49999	49999	119.0	2
49999	49999	120.0	2
49999	49999	121.0	2
49999	49999	122.0	2
49999	49999	123.0	2
49999	49999	124.0	2
49999	49999	125.0	2
49999	49999	126.0	2
49999	49999	127.0	2
49999	49999	128.0	2
49999	49999	129.0	2
49999	49999	130.0	2
49999	49999	131.0	2
49999	49999	132.0	2
49999	49999	133.0	2
49999	49999	134.0	2
49999	49999	135.0	2
49999	49999	136.0	2
49999	49999	137.0	2
49999	49999	138.0	2
49999	49999	139.0	2
49999	49999	140.0	2
49999	49999	141.0	2
49999	49999	142.0	2
49999	49999	143.0	2
49999	49999	144.0	2
49999	49999	145.0	2
49999	49999	146.0	2
49999	49999	147.0	2
49999	49999	148.0	2
49999	49999	149.0	2
49999	49999	150.0	2
49999	49999	151.0	2
49999	49999	152.0	2
49999	49999	153.0	2
49999	49999	154.0	2
49999	49999	155.0	2
49999	49999	156.0	2
49999	49999	157.0	2
49999	49999	158.0	2
49999	49999	159.0	2
49999	49999	160.0	2
49999	49999	161.0	2
49999	49999	162.0	2
49999	49999	163.0	2
49999	49999	164.0	2
49999	49999	165.0	2
49999	49999	166.0	2
49999	49999	167.0	2
49999	49999	168.0	2
49999	49999	169.0	2
49999	49999	170.0	2
49999	49999	171.0	2
49999	49999	172.0	2
49999	49999	173.0	2
49999	49999	174.0	2
49999	49999	175.0	2
49999	49999	176.0	2
49999	49999	177.0	2
49999	49999	178.0	2
49999	49999	179.0	2
49999	49999	180.0	2
49999	49999	181.0	2
49999	49999	182.0	2
49999	49999	183.0	2
49999	49999	184.0	2
49999	49999	185.0	2
49999	49999	186.0	2
49999	49999	187.0	2
49999	49999	188.0	2
49999	49999	189.0	2
49999	49999	190.0	2
49999	49999	191.0	2
49999	49999	192.0	2
49999	49999	193.0	2
49999	49999	194.0	2
49999	49999	195.0	2
49999	49999	196.0	2
49999	49999	197.0	2
49999	49999	198.0	2
49999	49999	199.0	2
49999	49999	200.0	2
49999	49999	201.0	2
49999	49999	202.0	2
49999	49999	203.0	2
49999	49999	204.0	2
49999	49999	205.0	2
49999	49999	206.0	2
49999	49999	207.0	2
49999	49999	208.0	2
49999	49999	209.0	2
49999	49999	210.0	2
49999	49999	211.0	2
49999	49999	212.0	2
49999	49999	213.0	2
49999	49999	214.0	2
49999	49999	215.0	2
49999	49999	216.0	2
49999	49999	217.0	2
49999	49999	218.0	2
49999	49999	219.0	2
49999	49999	220.0	2
49999	49999	221.0	2
49999	49999	222.0	2
49999	49999	223.0	2
49999	49999	224.0	2
49999	49999	225.0	2
49999	49999	226.0	2
49999	49999	227.0	2
49999	49999	228.0	2
49999	49999	229.0	2
49999	49999	230.0	2
49999	49999	231.0	2
49999	49999	232.0	2
49999	49999	233.0	2
49999	49999	234.0	2
49999	49999	235.0	2
49999	49999	236.0	2
49999	49999	237.0	2
49999	49999	238.0	2
49999	49999	239.0	2
49999	49999	240.0	2
49999	49999	241.0	2
49999	49999	242.0	2
49999	49999	243.0	2
49999	49999	244.0	2
49999	49999	245.0	2
49999	49999	246.0	2
49999	49999	247.0	2
49999	49999	248.0	2
49999	49999	249.0	2
49999	49999	250.0	2
49999	49999	251.0	2
49999	49999	252.0	2
49999	49999	253.0	2
49999	49999	254.0	2
49999	49999	255.0	2
49999	49999	256.0	2
49999	49999	257.0	2
49999	49999	258.0	2
49999	49999	259.0	2
49999	49999	260.0	2
49999	49999	261.0	2
49999	49999	262.0	2
49999	49999	263.0	2
49999	49999	264.0	2
49999	49999	265.0	2
49999	49999	266.0	2
49999	49999	267.0	2
49999	49999	268.0	2
49999	49999	269.0	2
49999	49999	270.0	2
49999	49999	271.0	2
49999	49999	272.0	2
49999	49999	273.0	2
49999	49999	274.0	2
49999	49999	275.0	2
49999	49999	276.0	2
49999	49999	277.0	2
49999	49999	278.0	2
49999	49999	279.0	2
49999	49999	280.0	2
49999	49999	281.0	2
49999	49999	282.0	2
49999	49999	283.0	2
49999	49999	284.0	2
49999	49999	285.0	2
49999	49999	286.0	2
49999	49999	287.0	2
49999	49999	288.0	2
49999	49999	289.0	2
49999	49999	290.0	2
49999	49999	291.0	2
49999	49999	292.0	2
49999	49999	293.0	2
49999	49999	294.0	2
49999	49999	295.0	2
49999	49999	296.0	2
49999	49999	297.0	2
49999	49999	298.0	2
49999	49999	299.0	2
49999	49999	300.0	2
49999	49999	301.0	2
49999	49999	302.0	2
49999	49999	303.0	2
49999	49999	304.0	2
49999	49999	305.0	2
49999	49999	306.0	2
49999	49999	307.0	2
49999	49999	308.0	2
49999	49999	309.0	2
49999	49999	310.0	2
49999	49999	311.0	2
49999	49999	312.0	2
49999	49999	313.0	2
49999	49999	314.0	2
49999	49999	315.0	2
49999	49999	316.0	2
49999	49999	317.0	2
49999	49999	318.0	2
49999	49999	319.0	2
49999	49999	320.0	2
49999	49999	321.0	2
49999	49999	322.0	2
49999	49999	323.0	2
49999	49999	324.0	2
49999	49999	325.0	2
49999	49999	326.0	2
49999	49999	327.0	2
49999	49999	328.0	2
49999	49999	329.0	2
49999	49999	330.0	2
49999	49999	331.0	2
49999	49999	332.0	2
49999	49999	333.0	2
49999	49999	334.0	2
49999	49999	335.0	2
49999	49999	336.0	2
49999	49999	337.0	2
49999	49999	338.0	2
49999	49999	339.0	2
49999	49999	340.0	2
49999	49999	341.0	2
49999	49999	342.0	2
49999	49999	343.0	2
49999	49999	344.0	2
49999	49999	345.0	2
49999	49999	346.0	2
49999	49999	347.0	2
49999	49999	348.0	2
49999	49999	349.0	2
49999	49999	350.0	2
49996	49996	351.0	2
49999	49999	352.0	2
49999	49999	353.0	2
49999	49999	354.0	2
49999	49999	355.0	2
49999	49999	356.0	2
49999	49999	357.0	2
49999	49999	358.0	2
49999	49999	359.0	2
49999	49999	360.0	2
49999	49999	361.0	2
49999	49999	362.0	2
49999	49999	363.0	2
49999	49999	364.0	2
49999	49999	365.0	2
49999	49999	366.0	2
49999	49999	367.0	2
49999	49999	368.0	2
49999	49999	369.0	2
49999	49999	370.0	2
49999	49999	371.0	2
49999	49999	372.0	2
49999	49999	373.0	2
49999	49999	374.0	2
49999	49999	375.0	2
49999	49999	376.0	2
49999	49999	377.0	2
49999	49999	378.0	2
49999	49999	379.0	2
49999	49999	380.0	2
49999	49999	381.0	2
49999	49999	382.0	2
49999	49999	383.0	2
49999	49999	384.0	2
49999	49999	385.0	2
49999	49999	386.0	2
49999	49999	387.0	2
49999	49999	388.0	2
49999	49999	389.0	2
49999	49999	390.0	2
49999	49999	391.0	2
49999	49999	392.0	2
49999	49999	393.0	2
49999	47885	394.0	2
49999	39955	395.0	2
49999	39947	396.0	2
49999	39915	397.0	2
49039	32192	398.0	2
35884	20934	399.0	2
35897	20920	400.0	2
35905	20882	401.0	2
23780	9857	402.0	2
14951	505	403.0	2
14926	506	404.0	2
15011	476	405.0	2
5881	0	406.0	2
0	0	407.0	2
0	0	408.0	2
0	0	409.0	2
0	0	410.0	2
0	0	411.0	2
0	0	412.0	2
0	0	413.0	2
0	0	414.0	2
0	0	415.0	2
0	0	416.0	2
0	0	417.0	2
0	0	418.0	2
0	0	419.0	2
0	0	420.0	2
0	0	421.0	2
0	0	422.0	2
0	0	423.0	2
0	0	424.0	2
0	0	425.0	2
0	0	426.0	2
0	0	427.0	2
0	0	428.0	2
0	0	429.0	2
0	0	430.0	2
0	0	431.0	2
0	0	432.0	2
0	0	433.0	2
0	0	434.0	2
0	0	435.0	2
0	0	436.0	2
0	0	437.0	2
0	0	438.0	2
0	0	439.0	2
0	0	440.0	2
0	0	441.0	2
0	0	442.0	2
0	0	443.0	2
0	0	444.0	2
0	0	445.0	2
0	0	446.0	2
0	0	447.0	2
0	0	448.0	2
0	0	449.0	2
0	0	450.0	2
0	0	451.0	2
0	0	452.0	2
0	0	453.0	2
0	0	454.0	2
0	0	455.0	2
0	0	456.0	2
0	0	457.0	2
0	0	458.0	2
0	0	459.0	2
0	0	460.0	2
0	0	461.0	2
0	0	462.0	2
0	0	463.0	2
0	0	464.0	2
0	0	465.0	2
0	0	466.0	2
0	0	467.0	2
0	0	468.0	2
0	0	469.0	2
0	0	470.0	2
0	0	471.0	2
0	0	472.0	2
0	0	473.0	2
0	0	474.0	2
0	0	475.0	2
0	0	476.0	2
0	0	477.0	2
0	0	478.0	2
0	0	479.0	2
0	0	480.0	2
0	0	481.0	2
0	0	482.0	2
0	0	483.0	2
0	0	484.0	2
0	0	485.0	2
0	0	486.0	2
0	0	487.0	2
0	0	488.0	2
0	0	489.0	2
0	0	490.0	2
0	0	491.0	2
0	0	492.0	2
0	0	493.0	2
0	0	494.0	2
0	0	495.0	2
0	0	496.0	2
0	0	497.0	2
0	0	498.0	2
0	0	499.0	2
0	0	500.0	2
0	0	1.0	3
0	0	2.0	3
0	0	3.0	3
0	0	4.0	3
0	0	5.0	3
0	0	6.0	3
0	0	7.0	3
0	0	8.0	3
0	0	9.0	3
0	0	10.0	3
0	0	11.0	3
0	0	12.0	3
0	0	13.0	3
0	0	14.0	3
0	0	15.0	3
0	0	16.0	3
0	0	17.0	3
0	0	18.0	3
0	0	19.0	3
0	0	20.0	3
0	0	21.0	3
0	0	22.0	3
0	0	23.0	3
0	0	24.0	3
0	0	25.0	3
0	0	26.0	3
0	0	27.0	3
0	0	28.0	3
0	0	29.0	3
0	0	30.0	3
0	0	31.0	3
0	0	32.0	3
0	0	33.0	3
0	0	34.0	3
0	0	35.0	3
0	0	36.0	3
0	0	37.0	3
0	0	38.0	3
0	0	39.0	3
0	0	40.0	3
0	0	41.0	3
0	0	42.0	3
0	0	43.0	3
0	0	44.0	3
0	0	45.0	3
0	0	46.0	3
0	0	47.0	3
0	0	48.0	3
0	0	49.0	3
0	0	50.0	3
0	0	51.0	3
0	0	52.0	3
0	0	53.0	3
0	0	54.0	3
0	0	55.0	3
0	0	56.0	3
0	0	57.0	3
0	0	58.0	3
0	0	59.0	3
0	0	60.0	3
0	0	61.0	3
0	0	62.0	3
0	0	63.0	3
0	0	64.0	3
0	0	65.0	3
0	0	66.0	3
0	0	67.0	3
0	0	68.0	3
0	0	69.0	3
0	0	70.0	3
0	0	71.0	3
0	0	72.0	3
0	0	73.0	3
0	0	74.0	3
0	0	75.0	3
0	0	76.0	3
0	0	77.0	3
0	0	78.0	3
0	0	79.0	3
0	0	80.0	3
0	0	81.0	3
0	0	82.0	3
0	0	83.0	3
0	0	84.0	3
0	0	85.0	3
0	0	86.0	3
0	0	87.0	3
0	0	88.0	3
0	0	89.0	3
0	0	90.0	3
0	0	91.0	3
0	0	92.0	3
0	0	93.0	3
0	0	94.0	3
0	0	95.0	3
0	0	96.0	3
0	0	97.0	3
0	5952	98.0	3
0	15665	99.0	3
0	15642	100.0	3
0	15597	101.0	3
0	25307	102.0	3
3164	34368	103.0	3
3116	34420	104.0	3
3161	34324	105.0	3
10759	44000	106.0	3
21819	49999	107.0	3
21740	49999	108.0	3
21844	49999	109.0	3
33735	49999	110.0	3
49983	49999	111.0	3
49964	49999	112.0	3
49976	49999	113.0	3
49999	49999	114.0	3
49999	49999	115.0	3
49999	49999	116.0	3
49999	49999	117.0	3
49999	49999	118.0	3
49999	49999	119.0	3
49999	49999	120.0	3
49999	49999	121.0	3
49999	49999	122.0	3
49999	49999	123.0	3
49999	49999	124.0	3
49999	49999	125.0	3
49999	49999	126.0	3
49999	49999	127.0	3
49999	49999	128.0	3
49999	49999	129.0	3
49999	49999	130.0	3
49999	49999	131.0	3
49999	49999	132.0	3
49999	49999	133.0	3
49999	49999	134.0	3
49999	49999	135.0	3
49999	49999	136.0	3
49999	49999	137.0	3
49999	49999	138.0	3
49999	49999	139.0	3
49999	49999	140.0	3
49999	49999	141.0	3
49999	49999	142.0	3
49999	49999	143.0	3
49999	49999	144.0	3
49999	49999	145.0	3
49999	49999	146.0	3
49999	49999	147.0	3
49999	49999	148.0	3
49999	49999	149.0	3
49999	49999	150.0	3
49999	49999	151.0	3
49999	49999	152.0	3
49999	49999	153.0	3
49999	49999	154.0	3
49999	49999	155.0	3
49999	49999	156.0	3
49999	49999	157.0	3
49999	49999	158.0	3
49999	49999	159.0	3
49999	49999	160.0	3
49999	49999	161.0	3
49999	49999	162.0	3
49999	49999	163.0	3
49999	49999	164.0	3
49999	49999	165.0	3
49999	49999	166.0	3
49999	49999	167.0	3
49999	49999	168.0	3
49999	49999	169.0	3
49999	49999	170.0	3
49999	49999	171.0	3
49999	49999	172.0	3
49999	49999	173.0	3
49999	49999	174.0	3
49999	49999	175.0	3
49999	49999	176.0	3
49999	49999	177.0	3
49999	49999	178.0	3
49999	49999	179.0	3
49999	49999	180.0	3
49999	49999	181.0	3
49999	49999	182.0	3
49999	49999	183.0	3
49999	49999	184.0	3
49999	49999	185.0	3
49999	49999	186.0	3
49999	49999	187.0	3
49999	49999	188.0	3
49999	49999	189.0	3
49999	49999	190.0	3
49999	49999	191.0	3
49999	49999	192.0	3
49999	49999	193.0	3
49999	49999	194.0	3
49999	49999	195.0	3
49999	49999	196.0	3
49999	49999	197.0	3
49999	49999	198.0	3
49999	49999	199.0	3
49999	49999	200.0	3
49999	49999	201.0	3
49999	49999	202.0	3
49999	49999	203.0	3
49999	49999	204.0	3
49999	49999	205.0	3
49999	49999	206.0	3
49999	49999	207.0	3
49999	49999	208.0	3
49999	49999	209.0	3
49999	49999	210.0	3
49999	49999	211.0	3
49999	49999	212.0	3
49999	49999	213.0	3
49999	49999	214.0	3
49999	49999	215.0	3
49999	49999	216.0	3
49999	49999	217.0	3
49999	49999	218.0	3
49999	49999	219.0	3
49999	49999	220.0	3
49999	49999	221.0	3
49999	49999	222.0	3
49999	49999	223.0	3
49999	49999	224.0	3
49999	49999	225.0	3
49999	49999	226.0	3
49999	49999	227.0	3
49999	49999	228.0	3
49999	49999	229.0	3
49999	49999	230.0	3
49999	49999	231.0	3
49999	49999	232.0	3
49999	49999	233.0	3
49999	49999	234.0	3
49999	49999	235.0	3
49999	49999	236.0	3
49999	49999	237.0	3
49999	49999	238.0	3
49999	49999	239.0	3
49999	49999	240.0	3
49999	49999	241.0	3
49999	49999	242.0	3
49999	49999	243.0	3
49999	49999	244.0	3
49999	49999	245.0	3
49999	49999	246.0	3
49999	49999	247.0	3
49999	49999	248.0	3
49999	49999	249.0	3
49999	49999	250.0	3
49999	49999	251.0	3
49999	49999	252.0	3
49999	49999	253.0	3
49999	49999	254.0	3
49999	49999	255.0	3
49999	49999	256.0	3
49999	49999	257.0	3
49999	49999	258.0	3
49999	49999	259.0	3
49999	49999	260.0	3
49999	49999	261.0	3
49999	49999	262.0	3
49999	49999	263.0	3
49999	49999	264.0	3
49999	49999	265.0	3
49999	49999	266.0	3
49999	49999	267.0	3
49999	49999	268.0	3
49999	49999	269.0	3
49999	49999	270.0	3
49999	49999	271.0	3
49999	49999	272.0	3
49999	49999	273.0	3
49999	49999	274.0	3
49999	49999	275.0	3
49999	49999	276.0	3
49999	49999	277.0	3
49999	49999	278.0	3
49999	49999	279.0	3
49999	49999	280.0	3
49999	49999	281.0	3
49999	49999	282.0	3
49999	49999	283.0	3
49999	49999	284.0	3
49999	49999	285.0	3
49999	49999	286.0	3
49999	49999	287.0	3
49999	49999	288.0	3
49999	49999	289.0	3
49999	49999	290.0	3
49999	49999	291.0	3
49999	49999	292.0	3
49999	49999	293.0	3
49999	49999	294.0	3
49999	49999	295.0	3
49999	49999	296.0	3
49999	49999	297.0	3
49999	49999	298.0	3
49999	49999	299.0	3
49999	49999	300.0	3
49999	49999	301.0	3
49999	49999	302.0	3
49999	49999	303.0	3
49999	49999	304.0	3
49999	49999	305.0	3
49999	49999	306.0	3
49999	49999	307.0	3
49999	49999	308.0	3
49999	49999	309.0	3
49999	49999	310.0	3
49999	49999	311.0	3
49999	49999	312.0	3
49999	49999	313.0	3
49999	49999	314.0	3
49999	49999	315.0	3
49999	49999	316.0	3
49999	49999	317.0	3
49999	49999	318.0	3
49999	49999	319.0	3
49999	49999	320.0	3
49999	49999	321.0	3
49999	49999	322.0	3
49999	49999	323.0	3
49999	49999	324.0	3
49999	49999	325.0	3
49999	49999	326.0	3
49999	49999	327.0	3
49999	49999	328.0	3
49999	49999	329.0	3
49999	49999	330.0	3
49999	49999	331.0	3
49999	49999	332.0	3
49999	49999	333.0	3
49999	49999	334.0	3
49999	49999	335.0	3
49999	49999	336.0	3
49999	49999	337.0	3
49999	49999	338.0	3
49999	49999	339.0	3
49999	49999	340.0	3
49999	49999	341.0	3
49999	49999	342.0	3
49999	49999	343.0	3
49999	49999	344.0	3
49999	49999	345.0	3
49999	49999	346.0	3
49999	49999	347.0	3
49999	49999	348.0	3
49999	49999	349.0	3
49999	49999	350.0	3
49999	49999	351.0	3
49999	49999	352.0	3
49999	49999	353.0	3
49999	49999	354.0	3
49999	49999	355.0	3
49999	49999	356.0	3
49999	49999	357.0	3
49999	49999	358.0	3
49999	49999	359.0	3
49999	49999	360.0	3
49999	49999	361.0	3
49999	49999	362.0	3
49999	49999	363.0	3
49999	49999	364.0	3
49999	49999	365.0	3
49999	49999	366.0	3
49999	49999	367.0	3
49999	49999	368.0	3
49999	49999	369.0	3
49999	49999	370.0	3
49999	49999	371.0	3
49999	49999	372.0	3
49999	49999	373.0	3
49999	49999	374.0	3
49999	49999	375.0	3
49999	49999	376.0	3
49999	49999	377.0	3
49999	49999	378.0	3
49999	49999	379.0	3
49999	49999	380.0	3
49999	49999	381.0	3
49999	49999	382.0	3
49999	49999	383.0	3
49999	49999	384.0	3
49999	49999	385.0	3
49999	49999	386.0	3
49999	49999	387.0	3
49999	49999	388.0	3
49999	49999	389.0	3
49999	49999	390.0	3
49999	49999	391.0	3
49999	49999	392.0	3
49999	49999	393.0	3
49999	47885	394.0	3
49999	39922	395.0	3
49999	39941	396.0	3
49999	39875	397.0	3
49006	32198	398.0	3
35863	20986	399.0	3
35945	20912	400.0	3
35943	20872	401.0	3
23805	9895	402.0	3
15055	491	403.0	3
14956	471	404.0	3
14975	519	405.0	3
5979	0	406.0	3
0	0	407.0	3
0	0	408.0	3
0	0	409.0	3
0	0	410.0	3
0	0	411.0	3
0	0	412.0	3
0	0	413.0	3
0	0	414.0	3
0	0	415.0	3
0	0	416.0	3
0	0	417.0	3
0	0	418.0	3
0	0	419.0	3
0	0	420.0	3
0	0	421.0	3
0	0	422.0	3
0	0	423.0	3
0	0	424.0	3
0	0	425.0	3
0	0	426.0	3
0	0	427.0	3
0	0	428.0	3
0	0	429.0	3
0	0	430.0	3
0	0	431.0	3
0	0	432.0	3
0	0	433.0	3
0	0	434.0	3
0	0	435.0	3
0	0	436.0	3
0	0	437.0	3
0	0	438.0	3
0	0	439.0	3
0	0	440.0	3
0	0	441.0	3
0	0	442.0	3
0	0	443.0	3
0	0	444.0	3
0	0	445.0	3
0	0	446.0	3
0	0	447.0	3
0	0	448.0	3
0	0	449.0	3
0	0	450.0	3
0	0	451.0	3
0	0	452.0	3
0	0	453.0	3
0	0	454.0	3
0	0	455.0	3
0	0	456.0	3
0	0	457.0	3
0	0	458.0	3
0	0	459.0	3
0	0	460.0	3
0	0	461.0	3
0	0	462.0	3
0	0	463.0	3
0	0	464.0	3
0	0	465.0	3
0	0	466.0	3
0	0	467.0	3
0	0	468.0	3
0	0	469.0	3
0	0	470.0	3
0	0	471.0	3
0	0	472.0	3
0	0	473.0	3
0	0	474.0	3
0	0	475.0	3
0	0	476.0	3
0	0	477.0	3
0	0	478.0	3
0	0	479.0	3
0	0	480.0	3
0	0	481.0	3
0	0	482.0	3
0	0	483.0	3
0	0	484.0	3
0	0	485.0	3
0	0	486.0	3
0	0	487.0	3
0	0	488.0	3
0	0	489.0	3
0	0	490.0	3
0	0	491.0	3
0	0	492.0	3
0	0	493.0	3
0	0	494.0	3
0	0	495.0	3
0	0	496.0	3
0	0	497.0	3
0	0	498.0	3
0	0	499.0	3
0	0	500.0	3
0	0	1.0	4
0	0	2.0	4
0	0	3.0	4
0	0	4.0	4
0	0	5.0	4
0	0	6.0	4
0	0	7.0	4
0	0	8.0	4
0	0	9.0	4
0	0	10.0	4
0	0	11.0	4
0	0	12.0	4
0	0	13.0	4
0	0	14.0	4
0	0	15.0	4
0	0	16.0	4
0	0	17.0	4
0	0	18.0	4
0	0	19.0	4
0	0	20.0	4
0	0	21.0	4
0	0	22.0	4
0	0	23.0	4
0	0	24.0	4
0	0	25.0	4
0	0	26.0	4
0	0	27.0	4
0	0	28.0	4
0	0	29.0	4
0	0	30.0	4
0	0	31.0	4
0	0	32.0	4
0	0	33.0	4
0	0	34.0	4
0	0	35.0	4
0	0	36.0	4
0	0	37.0	4
0	0	38.0	4
0	0	39.0	4
0	0	40.0	4
0	0	41.0	4
0	0	42.0	4
0	0	43.0	4
0	0	44.0	4
0	0	45.0	4
0	0	46.0	4
0	0	47.0	4
0	0	48.0	4
0	0	49.0	4
0	0	50.0	4
0	0	51.0	4
0	0	52.0	4
0	0	53.0	4
0	0	54.0	4
0	0	55.0	4
0	0	56.0	4
0	0	57.0	4
0	0	58.0	4
0	0	59.0	4
0	0	60.0	4
0	0	61.0	4
0	0	62.0	4
0	0	63.0	4
0	0	64.0	4
0	0	65.0	4
0	0	66.0	4
0	0	67.0	4
0	0	68.0	4
0	0	69.0	4
0	0	70.0	4
0	0	71.0	4
0	0	72.0	4
0	0	73.0	4
0	0	74.0	4
0	0	75.0	4
0	0	76.0	4
0	0	77.0	4
0	0	78.0	4
0	0	79.0	4
0	0	80.0	4
0	0	81.0	4
0	0	82.0	4
0	0	83.0	4
0	0	84.0	4
0	0	85.0	4
0	0	86.0	4
0	0	87.0	4
0	0	88.0	4
0	0	89.0	4
0	0	90.0	4
0	0	91.0	4
0	0	92.0	4
0	0	93.0	4
0	0	94.0	4
0	0	95.0	4
0	0	96.0	4
0	0	97.0	4
0	5982	98.0	4
0	15614	99.0	4
0	15667	100.0	4
0	15619	101.0	4
0	25329	102.0	4
3166	34386	103.0	4
3079	34438	104.0	4
3164	34327	105.0	4
10717	43892	106.0	4
21726	49999	107.0	4
21737	49999	108.0	4
21725	49999	109.0	4
33677	49999	110.0	4
49973	49999	111.0	4
49970	49999	112.0	4
49969	49999	113.0	4
49999	49999	114.0	4
49999	49999	115.0	4
49999	49999	116.0	4
49999	49999	117.0	4
49999	49999	118.0	4
49999	49999	119.0	4
49999	49999	120.0	4
49999	49999	121.0	4
49999	49999	122.0	4
49999	49999	123.0	4
49999	49999	124.0	4
49999	49999	125.0	4
49999	49999	126.0	4
49999	49999	127.0	4
49999	49999	128.0	4
49999	49999	129.0	4
49999	49999	130.0	4
49999	49999	131.0	4
49999	49999	132.0	4
49999	49999	133.0	4
49999	49999	134.0	4
49999	49999	135.0	4
49999	49999	136.0	4
49999	49999	137.0	4
49999	49999	138.0	4
49999	49999	139.0	4
49999	49999	140.0	4
49999	49999	141.0	4
49999	49999	142.0	4
49999	49999	143.0	4
49999	49999	144.0	4
49999	49999	145.0	4
49999	49999	146.0	4
49999	49999	147.0	4
49999	49999	148.0	4
49999	49999	149.0	4
49999	49999	150.0	4
49999	49999	151.0	4
49999	49999	152.0	4
49999	49999	153.0	4
49999	49999	154.0	4
49999	49999	155.0	4
49999	49999	156.0	4
49999	49999	157.0	4
49999	49999	158.0	4
49999	49999	159.0	4
49999	49999	160.0	4
49999	49999	161.0	4
49999	49999	162.0	4
49999	49999	163.0	4
49999	49999	164.0	4
49999	49999	165.0	4
49999	49999	166.0	4
49999	49999	167.0	4
49999	49999	168.0	4
49999	49999	169.0	4
49999	49999	170.0	4
49999	49999	171.0	4
49999	49999	172.0	4
49999	49999	173.0	4
49999	49999	174.0	4
49999	49999	175.0	4
49999	49999	176.0	4
49999	49999	177.0	4
49999	49999	178.0	4
49999	49999	179.0	4
49999	49999	180.0	4
49999	49999	181.0	4
49999	49999	182.0	4
49999	49999	183.0	4
49999	49999	184.0	4
49999	49999	185.0	4
49999	49999	186.0	4
49999	49999	187.0	4
49999	49999	188.0	4
49999	49999	189.0	4
49999	49999	190.0	4
49999	49999	191.0	4
49999	49999	192.0	4
49999	49999	193.0	4
49999	49999	194.0	4
49999	49999	195.0	4
49999	49999	196.0	4
49999	49999	197.0	4
49999	49999	198.0	4
49999	49999	199.0	4
49999	49999	200.0	4
49999	49999	201.0	4
49999	49999	202.0	4
49999	49999	203.0	4
49999	49999	204.0	4
49999	49999	205.0	4
49999	49999	206.0	4
49999	49999	207.0	4
49999	49999	208.0	4
49999	49999	209.0	4
49999	49999	210.0	4
49999	49999	211.0	4
49999	49999	212.0	4
49999	49999	213.0	4
49999	49999	214.0	4
49999	49999	215.0	4
49999	49999	216.0	4
49999	49999	217.0	4
49999	49999	218.0	4
49999	49999	219.0	4
49999	49999	220.0	4
49999	49999	221.0	4
49999	49999	222.0	4
49999	49999	223.0	4
49999	49999	224.0	4
49999	49999	225.0	4
49999	49999	226.0	4
49999	49999	227.0	4
49999	49999	228.0	4
49999	49999	229.0	4
49999	49999	230.0	4
49999	49999	231.0	4
49999	49999	232.0	4
49999	49999	233.0	4
49999	49999	234.0	4
49999	49999	235.0	4
49999	49999	236.0	4
49999	49999	237.0	4
49999	49999	238.0	4
49999	49999	239.0	4
49999	49999	240.0	4
49999	49999	241.0	4
49999	49999	242.0	4
49999	49999	243.0	4
49999	49999	244.0	4
49999	49999	245.0	4
49999	49999	246.0	4
49999	49999	247.0	4
49999	49999	248.0	4
49999	49999	249.0	4
49999	49999	250.0	4
49999	49999	251.0	4
49999	49999	252.0	4
49999	49999	253.0	4
49999	49999	254.0	4
49999	49999	255.0	4
49999	49999	256.0	4
49999	49999	257.0	4
49999	49999	258.0	4
49999	49999	259.0	4
49999	49999	260.0	4
49999	49999	261.0	4
49999	49999	262.0	4
49999	49999	263.0	4
49999	49999	264.0	4
49999	49999	265.0	4
49999	49999	266.0	4
49999	49999	267.0	4
49999	49999	268.0	4
49999	49999	269.0	4
49999	49999	270.0	4
49999	49999	271.0	4
49999	49999	272.0	4
49999	49999	273.0	4
49999	49999	274.0	4
49999	49999	275.0	4
49999	49999	276.0	4
49999	49999	277.0	4
49999	49999	278.0	4
49999	49999	279.0	4
49999	49999	280.0	4
49999	49999	281.0	4
49999	49999	282.0	4
49999	49999	283.0	4
49999	49999	284.0	4
49999	49999	285.0	4
49999	49999	286.0	4
49999	49999	287.0	4
49999	49999	288.0	4
49999	49999	289.0	4
49999	49999	290.0	4
49999	49999	291.0	4
49999	49999	292.0	4
49999	49999	293.0	4
49999	49999	294.0	4
49999	49999	295.0	4
49999	49999	296.0	4
49999	49999	297.0	4
49999	49999	298.0	4
49999	49999	299.0	4
49999	49999	300.0	4
49999	49999	301.0	4
49999	49999	302.0	4
49999	49999	303.0	4
49999	49999	304.0	4
49999	49999	305.0	4
49999	49999	306.0	4
49999	49999	307.0	4
49999	49999	308.0	4
49999	49999	309.0	4
49999	49999	310.0	4
49999	49999	311.0	4
49999	49999	312.0	4
49999	49999	313.0	4
49999	49999	314.0	4
49999	49999	315.0	4
49999	49999	316.0	4
49999	49999	317.0	4
49999	49999	318.0	4
49999	49999	319.0	4
49999	49999	320.0	4
49999	49999	321.0	4
49999	49999	322.0	4
49999	49999	323.0	4
49999	49999	324.0	4
49999	49999	325.0	4
49999	49999	326.0	4
49999	49999	327.0	4
49999	49999	328.0	4
49999	49999	329.0	4
49999	49999	330.0	4
49999	49999	331.0	4
49999	49999	332.0	4
49999	49999	333.0	4
49999	49999	334.0	4
49999	49999	335.0	4
49999	49999	336.0	4
49999	49999	337.0	4
49999	49999	338.0	4
49999	49999	339.0	4
49999	49999	340.0	4
49999	49999	341.0	4
49999	49999	342.0	4
49999	49999	343.0	4
49999	49999	344.0	4
49999	49999	345.0	4
49999	49999	346.0	4
49999	49999	347.0	4
49999	49999	348.0	4
49999	49999	349.0	4
49999	49999	350.0	4
49999	49999	351.0	4
49999	49999	352.0	4
49999	49999	353.0	4
49999	49999	354.0	4
49999	49999	355.0	4
49999	49999	356.0	4
49999	49999	357.0	4
49999	49999	358.0	4
49999	49999	359.0	4
49999	49999	360.0	4
49999	49999	361.0	4
49999	49999	362.0	4
49999	49999	363.0	4
49999	49999	364.0	4
49999	49999	365.0	4
49999	49999	366.0	4
49999	49999	367.0	4
49999	49999	368.0	4
49999	49999	369.0	4
49999	49999	370.0	4
49999	49999	371.0	4
49999	49999	372.0	4
49999	49999	373.0	4
49999	49999	374.0	4
49999	49999	375.0	4
49999	49999	376.0	4
49999	49999	377.0	4
49999	49999	378.0	4
49999	49999	379.0	4
49999	49999	380.0	4
49999	49999	381.0	4
49999	49999	382.0	4
49999	49999	383.0	4
49999	49999	384.0	4
49999	49999	385.0	4
49999	49999	386.0	4
49999	49999	387.0	4
49999	49999	388.0	4
49999	49999	389.0	4
49999	49999	390.0	4
49999	49999	391.0	4
49999	49999	392.0	4
49999	49999	393.0	4
49999	47622	394.0	4
49999	39634	395.0	4
49999	39702	396.0	4
49999	39651	397.0	4
49181	31912	398.0	4
36140	20582	399.0	4
36048	20598	400.0	4
36168	20663	401.0	4
23191	9751	402.0	4
14192	382	403.0	4
14261	371	404.0	4
14206	420	405.0	4
4843	0	406.0	4
0	0	407.0	4
0	0	408.0	4
0	0	409.0	4
0	0	410.0	4
0	0	411.0	4
0	0	412.0	4
0	0	413.0	4
0	0	414.0	4
0	0	415.0	4
0	0	416.0	4
0	0	417.0	4
0	0	418.0	4
0	0	419.0	4
0	0	420.0	4
0	0	421.0	4
0	0	422.0	4
0	0	423.0	4
0	0	424.0	4
0	0	425.0	4
0	0	426.0	4
0	0	427.0	4
0	0	428.0	4
0	0	429.0	4
0	0	430.0	4
0	0	431.0	4
0	0	432.0	4
0	0	433.0	4
0	0	434.0	4
0	0	435.0	4
0	0	436.0	4
0	0	437.0	4
0	0	438.0	4
0	0	439.0	4
0	0	440.0	4
0	0	441.0	4
0	0	442.0	4
0	0	443.0	4
0	0	444.0	4
0	0	445.0	4
0	0	446.0	4
0	0	447.0	4
0	0	448.0	4
0	0	449.0	4
0	0	450.0	4
0	0	451.0	4
0	0	452.0	4
0	0	453.0	4
0	0	454.0	4
0	0	455.0	4
0	0	456.0	4
0	0	457.0	4
0	0	458.0	4
0	0	459.0	4
0	0	460.0	4
0	0	461.0	4
0	0	462.0	4
0	0	463.0	4
0	0	464.0	4
0	0	465.0	4
0	0	466.0	4
0	0	467.0	4
0	0	468.0	4
0	0	469.0	4
0	0	470.0	4
0	0	471.0	4
0	0	472.0	4
0	0	473.0	4
0	0	474.0	4
0	0	475.0	4
0	0	476.0	4
0	0	477.0	4
0	0	478.0	4
0	0	479.0	4
0	0	480.0	4
0	0	481.0	4
0	0	482.0	4
0	0	483.0	4
0	0	484.0	4
0	0	485.0	4
0	0	486.0	4
0	0	487.0	4
0	0	488.0	4
0	0	489.0	4
0	0	490.0	4
0	0	491.0	4
0	0	492.0	4
0	0	493.0	4
0	0	494.0	4
0	0	495.0	4
0	0	496.0	4
0	0	497.0	4
0	0	498.0	4
0	0	499.0	4
0	0	500.0	4
0	0	1.0	5
0	0	2.0	5
0	0	3.0	5
0	0	4.0	5
0	0	5.0	5
0	0	6.0	5
0	0	7.0	5
0	0	8.0	5
0	0	9.0	5
0	0	10.0	5
0	0	11.0	5
0	0	12.0	5
0	0	13.0	5
0	0	14.0	5
0	0	15.0	5
0	0	16.0	5
0	0	17.0	5
0	0	18.0	5
0	0	19.0	5
0	0	20.0	5
0	0	21.0	5
0	0	22.0	5
0	0	23.0	5
0	0	24.0	5
0	0	25.0	5
0	0	26.0	5
0	0	27.0	5
0	0	28.0	5
0	0	29.0	5
0	0	30.0	5
0	0	31.0	5
0	0	32.0	5
0	0	33.0	5
0	0	34.0	5
0	0	35.0	5
0	0	36.0	5
0	0	37.0	5
0	0	38.0	5
0	0	39.0	5
0	0	40.0	5
0	0	41.0	5
0	0	42.0	5
0	0	43.0	5
0	0	44.0	5
0	0	45.0	5
0	0	46.0	5
0	0	47.0	5
0	0	48.0	5
0	0	49.0	5
0	0	50.0	5
0	0	51.0	5
0	0	52.0	5
0	0	53.0	5
0	0	54.0	5
0	0	55.0	5
0	0	56.0	5
0	0	57.0	5
0	0	58.0	5
0	0	59.0	5
0	0	60.0	5
0	0	61.0	5
0	0	62.0	5
0	0	63.0	5
0	0	64.0	5
0	0	65.0	5
0	0	66.0	5
0	0	67.0	5
0	0	68.0	5
0	0	69.0	5
0	0	70.0	5
0	0	71.0	5
0	0	72.0	5
0	0	73.0	5
0	0	74.0	5
0	0	75.0	5
0	0	76.0	5
0	0	77.0	5
0	0	78.0	5
0	0	79.0	5
0	0	80.0	5
0	0	81.0	5
0	0	82.0	5
0	0	83.0	5
0	0	84.0	5
0	0	85.0	5
0	0	86.0	5
0	0	87.0	5
0	0	88.0	5
0	0	89.0	5
0	0	90.0	5
0	0	91.0	5
0	0	92.0	5
0	0	93.0	5
0	0	94.0	5
0	0	95.0	5
0	0	96.0	5
0	0	97.0	5
0	5831	98.0	5
0	15482	99.0	5
0	15460	100.0	5
0	15450	101.0	5
0	25166	102.0	5
3790	34251	103.0	5
3771	34318	104.0	5
3819	34325	105.0	5
11569	43845	106.0	5
22491	49999	107.0	5
22493	49999	108.0	5
22410	49999	109.0	5
34357	49999	110.0	5
49978	49999	111.0	5
49980	49999	112.0	5
49969	49999	113.0	5
49999	49999	114.0	5
49999	49999	115.0	5
49999	49999	116.0	5
49999	49999	117.0	5
49999	49999	118.0	5
49999	49999	119.0	5
49999	49999	120.0	5
49999	49999	121.0	5
49999	49999	122.0	5
49999	49999	123.0	5
49999	49999	124.0	5
49999	49999	125.0	5
49999	49999	126.0	5
49999	49999	127.0	5
49999	49999	128.0	5
49999	49999	129.0	5
49999	49999	130.0	5
49999	49999	131.0	5
49999	49999	132.0	5
49999	49999	133.0	5
49999	49999	134.0	5
49999	49999	135.0	5
49999	49999	136.0	5
49999	49999	137.0	5
49999	49999	138.0	5
49999	49999	139.0	5
49999	49999	140.0	5
49999	49999	141.0	5
49999	49999	142.0	5
49999	49999	143.0	5
49999	49999	144.0	5
49999	49999	145.0	5
49999	49999	146.0	5
49999	49999	147.0	5
49999	49999	148.0	5
49999	49999	149.0	5
49999	49999	150.0	5
49999	49999	151.0	5
49999	49999	152.0	5
49999	49999	153.0	5
49999	49999	154.0	5
49999	49999	155.0	5
49999	49999	156.0	5
49999	49999	157.0	5
49999	49999	158.0	5
49999	49999	159.0	5
49999	49999	160.0	5
49999	49999	161.0	5
49999	49999	162.0	5
49999	49999	163.0	5
49999	49999	164.0	5
49999	49999	165.0	5
49999	49999	166.0	5
49999	49999	167.0	5
49999	49999	168.0	5
49999	49999	169.0	5
49999	49999	170.0	5
49999	49999	171.0	5
49999	49999	172.0	5
49999	49999	173.0	5
49999	49999	174.0	5
49999	49999	175.0	5
49999	49999	176.0	5
49999	49999	177.0	5
49999	49999	178.0	5
49999	49999	179.0	5
49999	49999	180.0	5
49999	49999	181.0	5
49999	49999	182.0	5
49999	49999	183.0	5
49999	49999	184.0	5
49999	49999	185.0	5
49999	49999	186.0	5
49999	49999	187.0	5
49999	49999	188.0	5
49999	49999	189.0	5
49999	49999	190.0	5
49999	49999	191.0	5
49999	49999	192.0	5
49999	49999	193.0	5
49999	49999	194.0	5
49999	49999	195.0	5
49999	49999	196.0	5
49999	49999	197.0	5
49999	49999	198.0	5
49999	49999	199.0	5
49999	49999	200.0	5
49999	49999	201.0	5
49999	49999	202.0	5
49999	49999	203.0	5
49999	49999	204.0	5
49999	49999	205.0	5
49999	49999	206.0	5
49999	49999	207.0	5
49999	49999	208.0	5
49999	49999	209.0	5
49999	49999	210.0	5
49999	49999	211.0	5
49999	49999	212.0	5
49999	49999	213.0	5
49999	49999	214.0	5
49999	49999	215.0	5
49999	49999	216.0	5
49999	49999	217.0	5
49999	49999	218.0	5
49999	49999	219.0	5
49999	49999	220.0	5
49999	49999	221.0	5
49999	49999	222.0	5
49999	49999	223.0	5
49999	49999	224.0	5
49999	49999	225.0	5
49999	49999	226.0	5
49999	49999	227.0	5
49999	49999	228.0	5
49999	49999	229.0	5
49999	49999	230.0	5
49999	49999	231.0	5
49999	49999	232.0	5
49999	49999	233.0	5
49999	49999	234.0	5
49999	49999	235.0	5
49999	49999	236.0	5
49999	49999	237.0	5
49999	49999	238.0	5
49999	49999	239.0	5
49999	49999	240.0	5
49999	49999	241.0	5
49999	49999	242.0	5
49999	49999	243.0	5
49999	49999	244.0	5
49999	49999	245.0	5
49999	49999	246.0	5
49999	49999	247.0	5
49999	49999	248.0	5
49999	49999	249.0	5
49999	49999	250.0	5
49999	49999	251.0	5
49999	49999	252.0	5
49999	49999	253.0	5
49999	49999	254.0	5
49999	49999	255.0	5
49999	49999	256.0	5
49999	49999	257.0	5
49999	49999	258.0	5
49999	49999	259.0	5
49999	49999	260.0	5
49999	49999	261.0	5
49999	49999	262.0	5
49999	49999	263.0	5
49999	49999	264.0	5
49999	49999	265.0	5
49999	49999	266.0	5
49999	49999	267.0	5
49999	49999	268.0	5
49999	49999	269.0	5
49999	49999	270.0	5
49999	49999	271.0	5
49999	49999	272.0	5
49999	49999	273.0	5
49999	49999	274.0	5
49999	49999	275.0	5
49999	49999	276.0	5
49999	49999	277.0	5
49999	49999	278.0	5
49999	49999	279.0	5
49999	49999	280.0	5
49999	49999	281.0	5
49999	49999	282.0	5
49999	49999	283.0	5
49999	49999	284.0	5
49999	49999	285.0	5
49999	49999	286.0	5
49999	49999	287.0	5
49999	49999	288.0	5
49999	49999	289.0	5
49999	49999	290.0	5
49999	49999	291.0	5
49999	49999	292.0	5
49999	49999	293.0	5
49999	49999	294.0	5
49999	49999	295.0	5
49999	49999	296.0	5
49999	49999	297.0	5
49999	49999	298.0	5
49999	49999	299.0	5
49999	49999	300.0	5
49999	49999	301.0	5
49999	49999	302.0	5
49999	49999	303.0	5
49999	49999	304.0	5
49999	49999	305.0	5
49999	49999	306.0	5
49999	49999	307.0	5
49999	49999	308.0	5
49999	49999	309.0	5
49999	49999	310.0	5
49999	49999	311.0	5
49999	49999	312.0	5
49999	49999	313.0	5
49999	49999	314.0	5
49999	49999	315.0	5
49999	49999	316.0	5
49999	49999	317.0	5
49999	49999	318.0	5
49999	49999	319.0	5
49999	49999	320.0	5
49999	49999	321.0	5
49999	49999	322.0	5
49999	49999	323.0	5
49999	49999	324.0	5
49999	49999	325.0	5
49999	49999	326.0	5
49999	49999	327.0	5
49999	49999	328.0	5
49999	49999	329.0	5
49999	49999	330.0	5
49999	49999	331.0	5
49999	49999	332.0	5
49999	49999	333.0	5
49999	49999	334.0	5
49999	49999	335.0	5
49999	49999	336.0	5
49999	49999	337.0	5
49999	49999	338.0	5
49999	49999	339.0	5
49999	49999	340.0	5
49999	49999	341.0	5
49999	49999	342.0	5
49999	49999	343.0	5
49999	49999	344.0	5
49999	49999	345.0	5
49999	49999	346.0	5
49999	49999	347.0	5
49999	49999	348.0	5
49999	49999	349.0	5
49999	49999	350.0	5
49999	49999	351.0	5
49999	49999	352.0	5
49999	49999	353.0	5
49999	49999	354.0	5
49999	49999	355.0	5
49999	49999	356.0	5
49999	49999	357.0	5
49999	49999	358.0	5
49999	49999	359.0	5
49999	49999	360.0	5
49999	49999	361.0	5
49999	49999	362.0	5
49999	49999	363.0	5
49999	49999	364.0	5
49999	49999	365.0	5
49999	49999	366.0	5
49999	49999	367.0	5
49999	49999	368.0	5
49999	49999	369.0	5
49999	49999	370.0	5
49999	49999	371.0	5
49999	49999	372.0	5
49999	49999	373.0	5
49999	49999	374.0	5
49999	49999	375.0	5
49999	49999	376.0	5
49999	49999	377.0	5
49999	49999	378.0	5
49999	49999	379.0	5
49999	49999	380.0	5
49999	49999	381.0	5
49999	49999	382.0	5
49999	49999	383.0	5
49999	49999	384.0	5
49999	49999	385.0	5
49999	49999	386.0	5
49999	49999	387.0	5
49999	49999	388.0	5
49999	49999	389.0	5
49999	49999	390.0	5
49999	49999	391.0	5
49999	49999	392.0	5
49999	49999	393.0	5
49999	47731	394.0	5
49999	39849	395.0	5
49999	39862	396.0	5
49999	39872	397.0	5
49106	31998	398.0	5
35964	20792	399.0	5
36038	20735	400.0	5
35953	20711	401.0	5
23520	9722	402.0	5
14659	458	403.0	5
14647	480	404.0	5
14674	427	405.0	5
5400	0	406.0	5
0	0	407.0	5
0	0	408.0	5
0	0	409.0	5
0	0	410.0	5
0	0	411.0	5
0	0	412.0	5
0	0	413.0	5
0	0	414.0	5
0	0	415.0	5
0	0	416.0	5
0	0	417.0	5
0	0	418.0	5
0	0	419.0	5
0	0	420.0	5
0	0	421.0	5
0	0	422.0	5
0	0	423.0	5
0	0	424.0	5
0	0	425.0	5
0	0	426.0	5
0	0	427.0	5
0	0	428.0	5
0	0	429.0	5
0	0	430.0	5
0	0	431.0	5
0	0	432.0	5
0	0	433.0	5
0	0	434.0	5
0	0	435.0	5
0	0	436.0	5
0	0	437.0	5
0	0	438.0	5
0	0	439.0	5
0	0	440.0	5
0	0	441.0	5
0	0	442.0	5
0	0	443.0	5
0	0	444.0	5
0	0	445.0	5
0	0	446.0	5
0	0	447.0	5
0	0	448.0	5
0	0	449.0	5
0	0	450.0	5
0	0	451.0	5
0	0	452.0	5
0	0	453.0	5
0	0	454.0	5
0	0	455.0	5
0	0	456.0	5
0	0	457.0	5
0	0	458.0	5
0	0	459.0	5
0	0	460.0	5
0	0	461.0	5
0	0	462.0	5
0	0	463.0	5
0	0	464.0	5
0	0	465.0	5
0	0	466.0	5
0	0	467.0	5
0	0	468.0	5
0	0	469.0	5
0	0	470.0	5
0	0	471.0	5
0	0	472.0	5
0	0	473.0	5
0	0	474.0	5
0	0	475.0	5
0	0	476.0	5
0	0	477.0	5
0	0	478.0	5
0	0	479.0	5
0	0	480.0	5
0	0	481.0	5
0	0	482.0	5
0	0	483.0	5
0	0	484.0	5
0	0	485.0	5
0	0	486.0	5
0	0	487.0	5
0	0	488.0	5
0	0	489.0	5
0	0	490.0	5
0	0	491.0	5
0	0	492.0	5
0	0	493.0	5
0	0	494.0	5
0	0	495.0	5
0	0	496.0	5
0	0	497.0	5
0	0	498.0	5
0	0	499.0	5
0	0	500.0	5
0	0	1.0	6
0	0	2.0	6
0	0	3.0	6
0	0	4.0	6
0	0	5.0	6
0	0	6.0	6
0	0	7.0	6
0	0	8.0	6
0	0	9.0	6
0	0	10.0	6
0	0	11.0	6
0	0	12.0	6
0	0	13.0	6
0	0	14.0	6
0	0	15.0	6
0	0	16.0	6
0	0	17.0	6
0	0	18.0	6
0	0	19.0	6
0	0	20.0	6
0	0	21.0	6
0	0	22.0	6
0	0	23.0	6
0	0	24.0	6
0	0	25.0	6
0	0	26.0	6
0	0	27.0	6
0	0	28.0	6
0	0	29.0	6
0	0	30.0	6
0	0	31.0	6
0	0	32.0	6
0	0	33.0	6
0	0	34.0	6
0	0	35.0	6
0	0	36.0	6
0	0	37.0	6
0	0	38.0	6
0	0	39.0	6
0	0	40.0	6
0	0	41.0	6
0	0	42.0	6
0	0	43.0	6
0	0	44.0	6
0	0	45.0	6
0	0	46.0	6
0	0	47.0	6
0	0	48.0	6
0	0	49.0	6
0	0	50.0	6
0	0	51.0	6
0	0	52.0	6
0	0	53.0	6
0	0	54.0	6
0	0	55.0	6
0	0	56.0	6
0	0	57.0	6
0	0	58.0	6
0	0	59.0	6
0	0	60.0	6
0	0	61.0	6
0	0	62.0	6
0	0	63.0	6
0	0	64.0	6
0	0	65.0	6
0	0	66.0	6
0	0	67.0	6
0	0	68.0	6
0	0	69.0	6
0	0	70.0	6
0	0	71.0	6
0	0	72.0	6
0	0	73.0	6
0	0	74.0	6
0	0	75.0	6
0	0	76.0	6
0	0	77.0	6
0	0	78.0	6
0	0	79.0	6
0	0	80.0	6
0	0	81.0	6
0	0	82.0	6
0	0	83.0	6
0	0	84.0	6
0	0	85.0	6
0	0	86.0	6
0	0	87.0	6
0	0	88.0	6
0	0	89.0	6
0	0	90.0	6
0	0	91.0	6
0	0	92.0	6
0	0	93.0	6
0	0	94.0	6
0	0	95.0	6
0	0	96.0	6
0	0	97.0	6
0	5917	98.0	6
0	15536	99.0	6
0	15503	100.0	6
0	15544	101.0	6
0	25175	102.0	6
3634	34328	103.0	6
3662	34357	104.0	6
3593	34294	105.0	6
11269	43855	106.0	6
22198	49999	107.0	6
22239	49999	108.0	6
22291	49999	109.0	6
34193	49999	110.0	6
49976	49999	111.0	6
49977	49999	112.0	6
49969	49999	113.0	6
49999	49999	114.0	6
49999	49999	115.0	6
49999	49999	116.0	6
49999	49999	117.0	6
49999	49999	118.0	6
49999	49999	119.0	6
49999	49999	120.0	6
49999	49999	121.0	6
49999	49999	122.0	6
49999	49999	123.0	6
49999	49999	124.0	6
49999	49999	125.0	6
49999	49999	126.0	6
49999	49999	127.0	6
49999	49999	128.0	6
49999	49999	129.0	6
49999	49999	130.0	6
49999	49999	131.0	6
49999	49999	132.0	6
49999	49999	133.0	6
49999	49999	134.0	6
49999	49999	135.0	6
49999	49999	136.0	6
49999	49999	137.0	6
49999	49999	138.0	6
49999	49999	139.0	6
49999	49999	140.0	6
49999	49999	141.0	6
49999	49999	142.0	6
49999	49999	143.0	6
49999	49999	144.0	6
49999	49999	145.0	6
49999	49999	146.0	6
49999	49999	147.0	6
49999	49999	148.0	6
49999	49999	149.0	6
49999	49999	150.0	6
49999	49999	151.0	6
49999	49999	152.0	6
49999	49999	153.0	6
49999	49999	154.0	6
49999	49999	155.0	6
49999	49999	156.0	6
49999	49999	157.0	6
49999	49999	158.0	6
49999	49999	159.0	6
49999	49999	160.0	6
49999	49999	161.0	6
49999	49999	162.0	6
49999	49999	163.0	6
49999	49999	164.0	6
49999	49999	165.0	6
49999	49999	166.0	6
49999	49999	167.0	6
49999	49999	168.0	6
49999	49999	169.0	6
49999	49999	170.0	6
49999	49999	171.0	6
49999	49999	172.0	6
49999	49999	173.0	6
49999	49999	174.0	6
49999	49999	175.0	6
49999	49999	176.0	6
49999	49999	177.0	6
49999	49999	178.0	6
49999	49999	179.0	6
49999	49999	180.0	6
49999	49999	181.0	6
49999	49999	182.0	6
49999	49999	183.0	6
49999	49999	184.0	6
49999	49999	185.0	6
49999	49999	186.0	6
49999	49999	187.0	6
49999	49999	188.0	6
49999	49999	189.0	6
49999	49999	190.0	6
49999	49999	191.0	6
49999	49999	192.0	6
49999	49999	193.0	6
49999	49999	194.0	6
49999	49999	195.0	6
49999	49999	196.0	6
49999	49999	197.0	6
49999	49999	198.0	6
49999	49999	199.0	6
49999	49999	200.0	6
49999	49999	201.0	6
49999	49999	202.0	6
49999	49999	203.0	6
49999	49999	204.0	6
49999	49999	205.0	6
49999	49999	206.0	6
49999	49999	207.0	6
49999	49999	208.0	6
49999	49999	209.0	6
49999	49999	210.0	6
49999	49999	211.0	6
49999	49999	212.0	6
49999	49999	213.0	6
49999	49999	214.0	6
49999	49999	215.0	6
49999	49999	216.0	6
49999	49999	217.0	6
49999	49999	218.0	6
49999	49999	219.0	6
49999	49999	220.0	6
49999	49999	221.0	6
49999	49999	222.0	6
49999	49999	223.0	6
49999	49999	224.0	6
49999	49999	225.0	6
49999	49999	226.0	6
49999	49999	227.0	6
49999	49999	228.0	6
49999	49999	229.0	6
49999	49999	230.0	6
49999	49999	231.0	6
49999	49999	232.0	6
49999	49999	233.0	6
49999	49999	234.0	6
49999	49999	235.0	6
49999	49999	236.0	6
49999	49999	237.0	6
49999	49999	238.0	6
49999	49999	239.0	6
49999	49999	240.0	6
49999	49999	241.0	6
49999	49999	242.0	6
49999	49999	243.0	6
49999	49999	244.0	6
49999	49999	245.0	6
49999	49999	246.0	6
49999	49999	247.0	6
49999	49999	248.0	6
49999	49999	249.0	6
49999	49999	250.0	6
49999	49999	251.0	6
49999	49999	252.0	6
49999	49999	253.0	6
49999	49999	254.0	6
49999	49999	255.0	6
49999	49999	256.0	6
49999	49999	257.0	6
49999	49999	258.0	6
49999	49999	259.0	6
49999	49999	260.0	6
49999	49999	261.0	6
49999	49999	262.0	6
49999	49999	263.0	6
49999	49999	264.0	6
49999	49999	265.0	6
49999	49999	266.0	6
49999	49999	267.0	6
49999	49999	268.0	6
49999	49999	269.0	6
49999	49999	270.0	6
49999	49999	271.0	6
49999	49999	272.0	6
49999	49999	273.0	6
49999	49999	274.0	6
49999	49999	275.0	6
49999	49999	276.0	6
49999	49999	277.0	6
49999	49999	278.0	6
49999	49999	279.0	6
49999	49999	280.0	6
49999	49999	281.0	6
49999	49999	282.0	6
49999	49999	283.0	6
49999	49999	284.0	6
49999	49999	285.0	6
49999	49999	286.0	6
49999	49999	287.0	6
49999	49999	288.0	6
49999	49999	289.0	6
49999	49999	290.0	6
49999	49999	291.0	6
49999	49999	292.0	6
49999	49999	293.0	6
49999	49999	294.0	6
49999	49999	295.0	6
49999	49999	296.0	6
49999	49999	297.0	6
49999	49999	298.0	6
49999	49999	299.0	6
49999	49999	300.0	6
49999	49999	301.0	6
49999	49999	302.0	6
49999	49999	303.0	6
49999	49999	304.0	6
49999	49999	305.0	6
49999	49999	306.0	6
49999	49999	307.0	6
49999	49999	308.0	6
49999	49999	309.0	6
49999	49999	310.0	6
49999	49999	311.0	6
49999	49999	312.0	6
49999	49999	313.0	6
49999	49999	314.0	6
49999	49999	315.0	6
49999	49999	316.0	6
49999	49999	317.0	6
49999	49999	318.0	6
49999	49999	319.0	6
49999	49999	320.0	6
49999	49999	321.0	6
49999	49999	322.0	6
49999	49999	323.0	6
49999	49999	324.0	6
49999	49999	325.0	6
49999	49999	326.0	6
49999	49999	327.0	6
49999	49999	328.0	6
49999	49999	329.0	6
49999	49999	330.0	6
49999	49999	331.0	6
49999	49999	332.0	6
49999	49999	333.0	6
49999	49999	334.0	6
49999	49999	335.0	6
49999	49999	336.0	6
49999	49999	337.0	6
49999	49999	338.0	6
49999	49999	339.0	6
49999	49999	340.0	6
49999	49999	341.0	6
49999	49999	342.0	6
49999	49999	343.0	6
49999	49999	344.0	6
49999	49999	345.0	6
49999	49999	346.0	6
49999	49999	347.0	6
49999	49999	348.0	6
49999	49999	349.0	6
49999	49999	350.0	6
49999	49999	351.0	6
49999	49999	352.0	6
49999	49999	353.0	6
49999	49999	354.0	6
49999	49999	355.0	6
49999	49999	356.0	6
49999	49999	357.0	6
49999	49999	358.0	6
49999	49999	359.0	6
49999	49999	360.0	6
49999	49999	361.0	6
49999	49999	362.0	6
49999	49999	363.0	6
49999	49999	364.0	6
49999	49999	365.0	6
49999	49999	366.0	6
49999	49999	367.0	6
49999	49999	368.0	6
49999	49999	369.0	6
49999	49999	370.0	6
49999	49999	371.0	6
49999	49999	372.0	6
49999	49999	373.0	6
49999	49999	374.0	6
49999	49999	375.0	6
49999	49999	376.0	6
49999	49999	377.0	6
49999	49999	378.0	6
49999	49999	379.0	6
49999	49999	380.0	6
49999	49999	381.0	6
49999	49999	382.0	6
49999	49999	383.0	6
49999	49999	384.0	6
49999	49999	385.0	6
49999	49999	386.0	6
49999	49999	387.0	6
49999	49999	388.0	6
49999	49999	389.0	6
49999	49999	390.0	6
49999	49999	391.0	6
49999	49999	392.0	6
49999	49999	393.0	6
49999	47702	394.0	6
49999	39847	395.0	6
49999	39869	396.0	6
49999	39853	397.0	6
49070	32148	398.0	6
35955	20851	399.0	6
35951	20818	400.0	6
36043	20683	401.0	6
23570	9840	402.0	6
14710	467	403.0	6
14767	451	404.0	6
14676	456	405.0	6
5553	0	406.0	6
0	0	407.0	6
0	0	408.0	6
0	0	409.0	6
0	0	410.0	6
0	0	411.0	6
0	0	412.0	6
0	0	413.0	6
0	0	414.0	6
0	0	415.0	6
0	0	416.0	6
0	0	417.0	6
0	0	418.0	6
0	0	419.0	6
0	0	420.0	6
0	0	421.0	6
0	0	422.0	6
0	0	423.0	6
0	0	424.0	6
0	0	425.0	6
0	0	426.0	6
0	0	427.0	6
0	0	428.0	6
0	0	429.0	6
0	0	430.0	6
0	0	431.0	6
0	0	432.0	6
0	0	433.0	6
0	0	434.0	6
0	0	435.0	6
0	0	436.0	6
0	0	437.0	6
0	0	438.0	6
0	0	439.0	6
0	0	440.0	6
0	0	441.0	6
0	0	442.0	6
0	0	443.0	6
0	0	444.0	6
0	0	445.0	6
0	0	446.0	6
0	0	447.0	6
0	0	448.0	6
0	0	449.0	6
0	0	450.0	6
0	0	451.0	6
0	0	452.0	6
0	0	453.0	6
0	0	454.0	6
0	0	455.0	6
0	0	456.0	6
0	0	457.0	6
0	0	458.0	6
0	0	459.0	6
0	0	460.0	6
0	0	461.0	6
0	0	462.0	6
0	0	463.0	6
0	0	464.0	6
0	0	465.0	6
0	0	466.0	6
0	0	467.0	6
0	0	468.0	6
0	0	469.0	6
0	0	470.0	6
0	0	471.0	6
0	0	472.0	6
0	0	473.0	6
0	0	474.0	6
0	0	475.0	6
0	0	476.0	6
0	0	477.0	6
0	0	478.0	6
0	0	479.0	6
0	0	480.0	6
0	0	481.0	6
0	0	482.0	6
0	0	483.0	6
0	0	484.0	6
0	0	485.0	6
0	0	486.0	6
0	0	487.0	6
0	0	488.0	6
0	0	489.0	6
0	0	490.0	6
0	0	491.0	6
0	0	492.0	6
0	0	493.0	6
0	0	494.0	6
0	0	495.0	6
0	0	496.0	6
0	0	497.0	6
0	0	498.0	6
0	0	499.0	6
0	0	500.0	6
0	0	1.0	7
0	0	2.0	7
0	0	3.0	7
0	0	4.0	7
0	0	5.0	7
0	0	6.0	7
0	0	7.0	7
0	0	8.0	7
0	0	9.0	7
0	0	10.0	7
0	0	11.0	7
0	0	12.0	7
0	0	13.0	7
0	0	14.0	7
0	0	15.0	7
0	0	16.0	7
0	0	17.0	7
0	0	18.0	7
0	0	19.0	7
0	0	20.0	7
0	0	21.0	7
0	0	22.0	7
0	0	23.0	7
0	0	24.0	7
0	0	25.0	7
0	0	26.0	7
0	0	27.0	7
0	0	28.0	7
0	0	29.0	7
0	0	30.0	7
0	0	31.0	7
0	0	32.0	7
0	0	33.0	7
0	0	34.0	7
0	0	35.0	7
0	0	36.0	7
0	0	37.0	7
0	0	38.0	7
0	0	39.0	7
0	0	40.0	7
0	0	41.0	7
0	0	42.0	7
0	0	43.0	7
0	0	44.0	7
0	0	45.0	7
0	0	46.0	7
0	0	47.0	7
0	0	48.0	7
0	0	49.0	7
0	0	50.0	7
0	0	51.0	7
0	0	52.0	7
0	0	53.0	7
0	0	54.0	7
0	0	55.0	7
0	0	56.0	7
0	0	57.0	7
0	0	58.0	7
0	0	59.0	7
0	0	60.0	7
0	0	61.0	7
0	0	62.0	7
0	0	63.0	7
0	0	64.0	7
0	0	65.0	7
0	0	66.0	7
0	0	67.0	7
0	0	68.0	7
0	0	69.0	7
0	0	70.0	7
0	0	71.0	7
0	0	72.0	7
0	0	73.0	7
0	0	74.0	7
0	0	75.0	7
0	0	76.0	7
0	0	77.0	7
0	0	78.0	7
0	0	79.0	7
0	0	80.0	7
0	0	81.0	7
0	0	82.0	7
0	0	83.0	7
0	0	84.0	7
0	0	85.0	7
0	0	86.0	7
0	0	87.0	7
0	0	88.0	7
0	0	89.0	7
0	0	90.0	7
0	0	91.0	7
0	0	92.0	7
0	0	93.0	7
0	0	94.0	7
0	0	95.0	7
0	0	96.0	7
0	0	97.0	7
0	5921	98.0	7
0	15593	99.0	7
0	15539	100.0	7
0	15574	101.0	7
0	25228	102.0	7
3429	34331	103.0	7
3422	34293	104.0	7
3436	34374	105.0	7
11134	43844	106.0	7
22112	49999	107.0	7
22067	49999	108.0	7
22045	49999	109.0	7
34109	49999	110.0	7
49979	49999	111.0	7
49977	49999	112.0	7
49977	49999	113.0	7
49999	49999	114.0	7
49999	49999	115.0	7
49999	49999	116.0	7
49999	49999	117.0	7
49999	49999	118.0	7
49999	49999	119.0	7
49999	49999	120.0	7
49999	49999	121.0	7
49999	49999	122.0	7
49999	49999	123.0	7
49999	49999	124.0	7
49999	49999	125.0	7
49999	49999	126.0	7
49999	49999	127.0	7
49999	49999	128.0	7
49999	49999	129.0	7
49999	49999	130.0	7
49999	49999	131.0	7
49999	49999	132.0	7
49999	49999	133.0	7
49999	49999	134.0	7
49999	49999	135.0	7
49999	49999	136.0	7
49999	49999	137.0	7
49999	49999	138.0	7
49999	49999	139.0	7
49999	49999	140.0	7
49999	49999	141.0	7
49999	49999	142.0	7
49999	49999	143.0	7
49999	49999	144.0	7
49999	49999	145.0	7
49999	49999	146.0	7
49999	49999	147.0	7
49999	49999	148.0	7
49999	49999	149.0	7
49999	49999	150.0	7
49999	49999	151.0	7
49999	49999	152.0	7
49999	49999	153.0	7
49999	49999	154.0	7
49999	49999	155.0	7
49999	49999	156.0	7
49999	49999	157.0	7
49999	49999	158.0	7
49999	49999	159.0	7
49999	49999	160.0	7
49999	49999	161.0	7
49999	49999	162.0	7
49999	49999	163.0	7
49999	49999	164.0	7
49999	49999	165.0	7
49999	49999	166.0	7
49999	49999	167.0	7
49999	49999	168.0	7
49999	49999	169.0	7
49999	49999	170.0	7
49999	49999	171.0	7
49999	49999	172.0	7
49999	49999	173.0	7
49999	49999	174.0	7
49999	49999	175.0	7
49999	49999	176.0	7
49999	49999	177.0	7
49999	49999	178.0	7
49999	49999	179.0	7
49999	49999	180.0	7
49999	49999	181.0	7
49999	49999	182.0	7
49999	49999	183.0	7
49999	49999	184.0	7
49999	49999	185.0	7
49999	49999	186.0	7
49999	49999	187.0	7
49999	49999	188.0	7
49999	49999	189.0	7
49999	49999	190.0	7
49999	49999	191.0	7
49999	49999	192.0	7
49999	49999	193.0	7
49999	49999	194.0	7
49999	49999	195.0	7
49999	49999	196.0	7
49999	49999	197.0	7
49999	49999	198.0	7
49999	49999	199.0	7
49999	49999	200.0	7
49999	49999	201.0	7
49999	49999	202.0	7
49999	49999	203.0	7
49999	49999	204.0	7
49999	49999	205.0	7
49999	49999	206.0	7
49999	49999	207.0	7
49999	49999	208.0	7
49999	49999	209.0	7
49999	49999	210.0	7
49999	49999	211.0	7
49999	49999	212.0	7
49999	49999	213.0	7
49999	49999	214.0	7
49999	49999	215.0	7
49999	49999	216.0	7
49999	49999	217.0	7
49999	49999	218.0	7
49999	49999	219.0	7
49999	49999	220.0	7
49999	49999	221.0	7
49999	49999	222.0	7
49999	49999	223.0	7
49999	49999	224.0	7
49999	49999	225.0	7
49999	49999	226.0	7
49999	49999	227.0	7
49999	49999	228.0	7
49999	49999	229.0	7
49999	49999	230.0	7
49999	49999	231.0	7
49999	49999	232.0	7
49999	49999	233.0	7
49999	49999	234.0	7
49999	49999	235.0	7
49999	49999	236.0	7
49999	49999	237.0	7
49999	49999	238.0	7
49999	49999	239.0	7
49999	49999	240.0	7
49999	49999	241.0	7
49999	49999	242.0	7
49999	49999	243.0	7
49999	49999	244.0	7
49999	49999	245.0	7
49999	49999	246.0	7
49999	49999	247.0	7
49999	49999	248.0	7
49999	49999	249.0	7
49999	49999	250.0	7
49999	49999	251.0	7
49999	49999	252.0	7
49999	49999	253.0	7
49999	49999	254.0	7
49999	49999	255.0	7
49999	49999	256.0	7
49999	49999	257.0	7
49999	49999	258.0	7
49999	49999	259.0	7
49999	49999	260.0	7
49999	49999	261.0	7
49999	49999	262.0	7
49999	49999	263.0	7
49999	49999	264.0	7
49999	49999	265.0	7
49999	49999	266.0	7
49999	49999	267.0	7
49999	49999	268.0	7
49999	49999	269.0	7
49999	49999	270.0	7
49999	49999	271.0	7
49999	49999	272.0	7
49999	49999	273.0	7
49999	49999	274.0	7
49999	49999	275.0	7
49999	49999	276.0	7
49999	49999	277.0	7
49999	49999	278.0	7
49999	49999	279.0	7
49999	49999	280.0	7
49999	49999	281.0	7
49999	49999	282.0	7
49999	49999	283.0	7
49999	49999	284.0	7
49999	49999	285.0	7
49999	49999	286.0	7
49999	49999	287.0	7
49999	49999	288.0	7
49999	49999	289.0	7
49999	49999	290.0	7
49999	49999	291.0	7
49999	49999	292.0	7
49999	49999	293.0	7
49999	49999	294.0	7
49999	49999	295.0	7
49999	49999	296.0	7
49999	49999	297.0	7
49999	49999	298.0	7
49999	49999	299.0	7
49999	49999	300.0	7
49999	49999	301.0	7
49999	49999	302.0	7
49999	49999	303.0	7
49999	49999	304.0	7
49999	49999	305.0	7
49999	49999	306.0	7
49999	49999	307.0	7
49999	49999	308.0	7
49999	49999	309.0	7
49999	49999	310.0	7
49999	49999	311.0	7
49999	49999	312.0	7
49999	49999	313.0	7
49999	49999	314.0	7
49999	49999	315.0	7
49999	49999	316.0	7
49999	49999	317.0	7
49999	49999	318.0	7
49999	49999	319.0	7
49999	49999	320.0	7
49999	49999	321.0	7
49999	49999	322.0	7
49999	49999	323.0	7
49999	49999	324.0	7
49999	49999	325.0	7
49999	49999	326.0	7
49999	49999	327.0	7
49999	49999	328.0	7
49999	49999	329.0	7
49999	49999	330.0	7
49999	49999	331.0	7
49999	49999	332.0	7
49999	49999	333.0	7
49999	49999	334.0	7
49999	49999	335.0	7
49999	49999	336.0	7
49999	49999	337.0	7
49999	49999	338.0	7
49999	49999	339.0	7
49999	49999	340.0	7
49999	49999	341.0	7
49999	49999	342.0	7
49999	49999	343.0	7
49999	49999	344.0	7
49999	49999	345.0	7
49999	49999	346.0	7
49999	49999	347.0	7
49999	49999	348.0	7
49999	49999	349.0	7
49999	49999	350.0	7
49999	49999	351.0	7
49999	49999	352.0	7
49999	49999	353.0	7
49999	49999	354.0	7
49999	49999	355.0	7
49999	49999	356.0	7
49999	49999	357.0	7
49999	49999	358.0	7
49999	49999	359.0	7
49999	49999	360.0	7
49999	49999	361.0	7
49999	49999	362.0	7
49999	49999	363.0	7
49999	49999	364.0	7
49999	49999	365.0	7
49999	49999	366.0	7
49999	49999	367.0	7
49999	49999	368.0	7
49999	49999	369.0	7
49999	49999	370.0	7
49999	49999	371.0	7
49999	49999	372.0	7
49999	49999	373.0	7
49999	49999	374.0	7
49999	49999	375.0	7
49999	49999	376.0	7
49999	49999	377.0	7
49999	49999	378.0	7
49999	49999	379.0	7
49999	49999	380.0	7
49999	49999	381.0	7
49999	49999	382.0	7
49999	49999	383.0	7
49999	49999	384.0	7
49999	49999	385.0	7
49999	49999	386.0	7
49999	49999	387.0	7
49999	49999	388.0	7
49999	49999	389.0	7
49999	49999	390.0	7
49999	49999	391.0	7
49999	49999	392.0	7
49999	49999	393.0	7
49999	47789	394.0	7
49999	39913	395.0	7
49999	39837	396.0	7
49999	39799	397.0	7
49098	32133	398.0	7
35946	20844	399.0	7
35957	20819	400.0	7
36004	20820	401.0	7
23619	9712	402.0	7
14710	467	403.0	7
14669	447	404.0	7
14776	442	405.0	7
5537	0	406.0	7
0	0	407.0	7
0	0	408.0	7
0	0	409.0	7
0	0	410.0	7
0	0	411.0	7
0	0	412.0	7
0	0	413.0	7
0	0	414.0	7
0	0	415.0	7
0	0	416.0	7
0	0	417.0	7
0	0	418.0	7
0	0	419.0	7
0	0	420.0	7
0	0	421.0	7
0	0	422.0	7
0	0	423.0	7
0	0	424.0	7
0	0	425.0	7
0	0	426.0	7
0	0	427.0	7
0	0	428.0	7
0	0	429.0	7
0	0	430.0	7
0	0	431.0	7
0	0	432.0	7
0	0	433.0	7
0	0	434.0	7
0	0	435.0	7
0	0	436.0	7
0	0	437.0	7
0	0	438.0	7
0	0	439.0	7
0	0	440.0	7
0	0	441.0	7
0	0	442.0	7
0	0	443.0	7
0	0	444.0	7
0	0	445.0	7
0	0	446.0	7
0	0	447.0	7
0	0	448.0	7
0	0	449.0	7
0	0	450.0	7
0	0	451.0	7
0	0	452.0	7
0	0	453.0	7
0	0	454.0	7
0	0	455.0	7
0	0	456.0	7
0	0	457.0	7
0	0	458.0	7
0	0	459.0	7
0	0	460.0	7
0	0	461.0	7
0	0	462.0	7
0	0	463.0	7
0	0	464.0	7
0	0	465.0	7
0	0	466.0	7
0	0	467.0	7
0	0	468.0	7
0	0	469.0	7
0	0	470.0	7
0	0	471.0	7
0	0	472.0	7
0	0	473.0	7
0	0	474.0	7
0	0	475.0	7
0	0	476.0	7
0	0	477.0	7
0	0	478.0	7
0	0	479.0	7
0	0	480.0	7
0	0	481.0	7
0	0	482.0	7
0	0	483.0	7
0	0	484.0	7
0	0	485.0	7
0	0	486.0	7
0	0	487.0	7
0	0	488.0	7
0	0	489.0	7
0	0	490.0	7
0	0	491.0	7
0	0	492.0	7
0	0	493.0	7
0	0	494.0	7
0	0	495.0	7
0	0	496.0	7
0	0	497.0	7
0	0	498.0	7
0	0	499.0	7
0	0	500.0	7
0	0	1.0	8
0	0	2.0	8
0	0	3.0	8
0	0	4.0	8
0	0	5.0	8
0	0	6.0	8
0	0	7.0	8
0	0	8.0	8
0	0	9.0	8
0	0	10.0	8
0	0	11.0	8
0	0	12.0	8
0	0	13.0	8
0	0	14.0	8
0	0	15.0	8
0	0	16.0	8
0	0	17.0	8
0	0	18.0	8
0	0	19.0	8
0	0	20.0	8
0	0	21.0	8
0	0	22.0	8
0	0	23.0	8
0	0	24.0	8
0	0	25.0	8
0	0	26.0	8
0	0	27.0	8
0	0	28.0	8
0	0	29.0	8
0	0	30.0	8
0	0	31.0	8
0	0	32.0	8
0	0	33.0	8
0	0	34.0	8
0	0	35.0	8
0	0	36.0	8
0	0	37.0	8
0	0	38.0	8
0	0	39.0	8
0	0	40.0	8
0	0	41.0	8
0	0	42.0	8
0	0	43.0	8
0	0	44.0	8
0	0	45.0	8
0	0	46.0	8
0	0	47.0	8
0	0	48.0	8
0	0	49.0	8
0	0	50.0	8
0	0	51.0	8
0	0	52.0	8
0	0	53.0	8
0	0	54.0	8
0	0	55.0	8
0	0	56.0	8
0	0	57.0	8
0	0	58.0	8
0	0	59.0	8
0	0	60.0	8
0	0	61.0	8
0	0	62.0	8
0	0	63.0	8
0	0	64.0	8
0	0	65.0	8
0	0	66.0	8
0	0	67.0	8
0	0	68.0	8
0	0	69.0	8
0	0	70.0	8
0	0	71.0	8
0	0	72.0	8
0	0	73.0	8
0	0	74.0	8
0	0	75.0	8
0	0	76.0	8
0	0	77.0	8
0	0	78.0	8
0	0	79.0	8
0	0	80.0	8
0	0	81.0	8
0	0	82.0	8
0	0	83.0	8
0	0	84.0	8
0	0	85.0	8
0	0	86.0	8
0	0	87.0	8
0	0	88.0	8
0	0	89.0	8
0	0	90.0	8
0	0	91.0	8
0	0	92.0	8
0	0	93.0	8
0	0	94.0	8
0	0	95.0	8
0	0	96.0	8
0	0	97.0	8
0	5973	98.0	8
0	15541	99.0	8
0	15547	100.0	8
0	15552	101.0	8
1	25229	102.0	8
3439	34365	103.0	8
3431	34309	104.0	8
3412	34330	105.0	8
11098	43854	106.0	8
22046	49999	107.0	8
22032	49999	108.0	8
22010	49999	109.0	8
33871	49999	110.0	8
49980	49999	111.0	8
49973	49999	112.0	8
49973	49999	113.0	8
49999	49999	114.0	8
49999	49999	115.0	8
49999	49999	116.0	8
49999	49999	117.0	8
49999	49999	118.0	8
49999	49999	119.0	8
49999	49999	120.0	8
49999	49999	121.0	8
49999	49999	122.0	8
49999	49999	123.0	8
49999	49999	124.0	8
49999	49999	125.0	8
49999	49999	126.0	8
49999	49999	127.0	8
49999	49999	128.0	8
49999	49999	129.0	8
49999	49999	130.0	8
49999	49999	131.0	8
49999	49999	132.0	8
49999	49999	133.0	8
49999	49999	134.0	8
49999	49999	135.0	8
49999	49999	136.0	8
49999	49999	137.0	8
49999	49999	138.0	8
49999	49999	139.0	8
49999	49999	140.0	8
49999	49999	141.0	8
49999	49999	142.0	8
49999	49999	143.0	8
49999	49999	144.0	8
49999	49999	145.0	8
49999	49999	146.0	8
49999	49999	147.0	8
49999	49999	148.0	8
49999	49999	149.0	8
49999	49999	150.0	8
49999	49999	151.0	8
49999	49999	152.0	8
49999	49999	153.0	8
49999	49999	154.0	8
49999	49999	155.0	8
49999	49999	156.0	8
49999	49999	157.0	8
49999	49999	158.0	8
49999	49999	159.0	8
49999	49999	160.0	8
49999	49999	161.0	8
49999	49999	162.0	8
49999	49999	163.0	8
49999	49999	164.0	8
49999	49999	165.0	8
49999	49999	166.0	8
49999	49999	167.0	8
49999	49999	168.0	8
49999	49999	169.0	8
49999	49999	170.0	8
49999	49999	171.0	8
49999	49999	172.0	8
49999	49999	173.0	8
49999	49999	174.0	8
49999	49999	175.0	8
49999	49999	176.0	8
49999	49999	177.0	8
49999	49999	178.0	8
49999	49999	179.0	8
49999	49999	180.0	8
49999	49999	181.0	8
49999	49999	182.0	8
49999	49999	183.0	8
49999	49999	184.0	8
49999	49999	185.0	8
49999	49999	186.0	8
49999	49999	187.0	8
49999	49999	188.0	8
49999	49999	189.0	8
49999	49999	190.0	8
49999	49999	191.0	8
49999	49999	192.0	8
49999	49999	193.0	8
49999	49999	194.0	8
49999	49999	195.0	8
49999	49999	196.0	8
49999	49999	197.0	8
49999	49999	198.0	8
49999	49999	199.0	8
49999	49999	200.0	8
49999	49999	201.0	8
49999	49999	202.0	8
49999	49999	203.0	8
49999	49999	204.0	8
49999	49999	205.0	8
49999	49999	206.0	8
49999	49999	207.0	8
49999	49999	208.0	8
49999	49999	209.0	8
49999	49999	210.0	8
49999	49999	211.0	8
49999	49999	212.0	8
49999	49999	213.0	8
49999	49999	214.0	8
49999	49999	215.0	8
49999	49999	216.0	8
49999	49999	217.0	8
49999	49999	218.0	8
49999	49999	219.0	8
49999	49999	220.0	8
49999	49999	221.0	8
49999	49999	222.0	8
49999	49999	223.0	8
49999	49999	224.0	8
49999	49999	225.0	8
49999	49999	226.0	8
49999	49999	227.0	8
49999	49999	228.0	8
49999	49999	229.0	8
49999	49999	230.0	8
49999	49999	231.0	8
49999	49999	232.0	8
49999	49999	233.0	8
49999	49999	234.0	8
49999	49999	235.0	8
49999	49999	236.0	8
49999	49999	237.0	8
49999	49999	238.0	8
49999	49999	239.0	8
49999	49999	240.0	8
49999	49999	241.0	8
49999	49999	242.0	8
49999	49999	243.0	8
49999	49999	244.0	8
49999	49999	245.0	8
49999	49999	246.0	8
49999	49999	247.0	8
49999	49999	248.0	8
49999	49999	249.0	8
49999	49999	250.0	8
49999	49999	251.0	8
49999	49999	252.0	8
49999	49999	253.0	8
49999	49999	254.0	8
49999	49999	255.0	8
49999	49999	256.0	8
49999	49999	257.0	8
49999	49999	258.0	8
49999	49999	259.0	8
49999	49999	260.0	8
49999	49999	261.0	8
49999	49999	262.0	8
49999	49999	263.0	8
49999	49999	264.0	8
49999	49999	265.0	8
49999	49999	266.0	8
49999	49999	267.0	8
49999	49999	268.0	8
49999	49999	269.0	8
49999	49999	270.0	8
49999	49999	271.0	8
49999	49999	272.0	8
49999	49999	273.0	8
49999	49999	274.0	8
49999	49999	275.0	8
49999	49999	276.0	8
49999	49999	277.0	8
49999	49999	278.0	8
49999	49999	279.0	8
49999	49999	280.0	8
49999	49999	281.0	8
49999	49999	282.0	8
49999	49999	283.0	8
49999	49999	284.0	8
49999	49999	285.0	8
49999	49999	286.0	8
49999	49999	287.0	8
49999	49999	288.0	8
49999	49999	289.0	8
49999	49999	290.0	8
49999	49999	291.0	8
49999	49999	292.0	8
49999	49999	293.0	8
49999	49999	294.0	8
49999	49999	295.0	8
49999	49999	296.0	8
49999	49999	297.0	8
49999	49999	298.0	8
49999	49999	299.0	8
49999	49999	300.0	8
49999	49999	301.0	8
49999	49999	302.0	8
49999	49999	303.0	8
49999	49999	304.0	8
49999	49999	305.0	8
49999	49999	306.0	8
49999	49999	307.0	8
49999	49999	308.0	8
49999	49999	309.0	8
49999	49999	310.0	8
49999	49999	311.0	8
49999	49999	312.0	8
49999	49999	313.0	8
49999	49999	314.0	8
49999	49999	315.0	8
49999	49999	316.0	8
49999	49999	317.0	8
49999	49999	318.0	8
49999	49999	319.0	8
49999	49999	320.0	8
49999	49999	321.0	8
49999	49999	322.0	8
49999	49999	323.0	8
49999	49999	324.0	8
49999	49999	325.0	8
49999	49999	326.0	8
49999	49999	327.0	8
49999	49999	328.0	8
49999	49999	329.0	8
49999	49999	330.0	8
49999	49999	331.0	8
49999	49999	332.0	8
49999	49999	333.0	8
49999	49999	334.0	8
49999	49999	335.0	8
49999	49999	336.0	8
49999	49999	337.0	8
49999	49999	338.0	8
49999	49999	339.0	8
49999	49999	340.0	8
49999	49999	341.0	8
49999	49999	342.0	8
49999	49999	343.0	8
49999	49999	344.0	8
49999	49999	345.0	8
49999	49999	346.0	8
49999	49999	347.0	8
49999	49999	348.0	8
49999	49999	349.0	8
49999	49999	350.0	8
49999	49999	351.0	8
49999	49999	352.0	8
49999	49999	353.0	8
49999	49999	354.0	8
49999	49999	355.0	8
49999	49999	356.0	8
49999	49999	357.0	8
49999	49999	358.0	8
49999	49999	359.0	8
49999	49999	360.0	8
49999	49999	361.0	8
49999	49999	362.0	8
49999	49999	363.0	8
49999	49999	364.0	8
49999	49999	365.0	8
49999	49999	366.0	8
49999	49999	367.0	8
49999	49999	368.0	8
49999	49999	369.0	8
49999	49999	370.0	8
49999	49999	371.0	8
49999	49999	372.0	8
49999	49999	373.0	8
49999	49999	374.0	8
49999	49999	375.0	8
49999	49999	376.0	8
49999	49999	377.0	8
49999	49999	378.0	8
49999	49999	379.0	8
49999	49999	380.0	8
49999	49999	381.0	8
49999	49999	382.0	8
49999	49999	383.0	8
49999	49999	384.0	8
49999	49999	385.0	8
49999	49999	386.0	8
49999	49999	387.0	8
49999	49999	388.0	8
49999	49999	389.0	8
49999	49999	390.0	8
49999	49999	391.0	8
49999	49999	392.0	8
49999	49999	393.0	8
49999	47848	394.0	8
49999	39893	395.0	8
49999	39940	396.0	8
49999	39792	397.0	8
49055	32181	398.0	8
35918	20846	399.0	8
35987	20862	400.0	8
35973	20922	401.0	8
23746	9818	402.0	8
14855	464	403.0	8
14816	489	404.0	8
14850	453	405.0	8
5615	0	406.0	8
0	0	407.0	8
0	0	408.0	8
0	0	409.0	8
0	0	410.0	8
0	0	411.0	8
0	0	412.0	8
0	0	413.0	8
0	0	414.0	8
0	0	415.0	8
0	0	416.0	8
0	0	417.0	8
0	0	418.0	8
0	0	419.0	8
0	0	420.0	8
0	0	421.0	8
0	0	422.0	8
0	0	423.0	8
0	0	424.0	8
0	0	425.0	8
0	0	426.0	8
0	0	427.0	8
0	0	428.0	8
0	0	429.0	8
0	0	430.0	8
0	0	431.0	8
0	0	432.0	8
0	0	433.0	8
0	0	434.0	8
0	0	435.0	8
0	0	436.0	8
0	0	437.0	8
0	0	438.0	8
0	0	439.0	8
0	0	440.0	8
0	0	441.0	8
0	0	442.0	8
0	0	443.0	8
0	0	444.0	8
0	0	445.0	8
0	0	446.0	8
0	0	447.0	8
0	0	448.0	8
0	0	449.0	8
0	0	450.0	8
0	0	451.0	8
0	0	452.0	8
0	0	453.0	8
0	0	454.0	8
0	0	455.0	8
0	0	456.0	8
0	0	457.0	8
0	0	458.0	8
0	0	459.0	8
0	0	460.0	8
0	0	461.0	8
0	0	462.0	8
0	0	463.0	8
0	0	464.0	8
0	0	465.0	8
0	0	466.0	8
0	0	467.0	8
0	0	468.0	8
0	0	469.0	8
0	0	470.0	8
0	0	471.0	8
0	0	472.0	8
0	0	473.0	8
0	0	474.0	8
0	0	475.0	8
0	0	476.0	8
0	0	477.0	8
0	0	478.0	8
0	0	479.0	8
0	0	480.0	8
0	0	481.0	8
0	0	482.0	8
0	0	483.0	8
0	0	484.0	8
0	0	485.0	8
0	0	486.0	8
0	0	487.0	8
0	0	488.0	8
0	0	489.0	8
0	0	490.0	8
0	0	491.0	8
0	0	492.0	8
0	0	493.0	8
0	0	494.0	8
0	0	495.0	8
0	0	496.0	8
0	0	497.0	8
0	0	498.0	8
0	0	499.0	8
0	0	500.0	8
0	0	1.0	9
0	0	2.0	9
0	0	3.0	9
0	0	4.0	9
0	0	5.0	9
0	0	6.0	9
0	0	7.0	9
0	0	8.0	9
0	0	9.0	9
0	0	10.0	9
0	0	11.0	9
0	0	12.0	9
0	0	13.0	9
0	0	14.0	9
0	0	15.0	9
0	0	16.0	9
0	0	17.0	9
0	0	18.0	9
0	0	19.0	9
0	0	20.0	9
0	0	21.0	9
0	0	22.0	9
0	0	23.0	9
0	0	24.0	9
0	0	25.0	9
0	0	26.0	9
0	0	27.0	9
0	0	28.0	9
0	0	29.0	9
0	0	30.0	9
0	0	31.0	9
0	0	32.0	9
0	0	33.0	9
0	0	34.0	9
0	0	35.0	9
0	0	36.0	9
0	0	37.0	9
0	0	38.0	9
0	0	39.0	9
0	0	40.0	9
0	0	41.0	9
0	0	42.0	9
0	0	43.0	9
0	0	44.0	9
0	0	45.0	9
0	0	46.0	9
0	0	47.0	9
0	0	48.0	9
0	0	49.0	9
0	0	50.0	9
0	0	51.0	9
0	0	52.0	9
0	0	53.0	9
0	0	54.0	9
0	0	55.0	9
0	0	56.0	9
0	0	57.0	9
0	0	58.0	9
0	0	59.0	9
0	0	60.0	9
0	0	61.0	9
0	0	62.0	9
0	0	63.0	9
0	0	64.0	9
0	0	65.0	9
0	0	66.0	9
0	0	67.0	9
0	0	68.0	9
0	0	69.0	9
0	0	70.0	9
0	0	71.0	9
0	0	72.0	9
0	0	73.0	9
0	0	74.0	9
0	0	75.0	9
0	0	76.0	9
0	0	77.0	9
0	0	78.0	9
0	0	79.0	9
0	0	80.0	9
0	0	81.0	9
0	0	82.0	9
0	0	83.0	9
0	0	84.0	9
0	0	85.0	9
0	0	86.0	9
0	0	87.0	9
0	0	88.0	9
0	0	89.0	9
0	0	90.0	9
0	0	91.0	9
0	0	92.0	9
0	0	93.0	9
0	0	94.0	9
0	0	95.0	9
0	0	96.0	9
0	0	97.0	9
0	5893	98.0	9
0	15547	99.0	9
0	15482	100.0	9
0	15579	101.0	9
1	25197	102.0	9
3555	34284	103.0	9
3507	34339	104.0	9
3608	34337	105.0	9
11236	43858	106.0	9
22192	49999	107.0	9
22163	49999	108.0	9
22240	49999	109.0	9
34167	49999	110.0	9
49971	49999	111.0	9
49971	49999	112.0	9
49969	49999	113.0	9
49999	49999	114.0	9
49999	49999	115.0	9
49999	49999	116.0	9
49999	49999	117.0	9
49999	49999	118.0	9
49999	49999	119.0	9
49999	49999	120.0	9
49999	49999	121.0	9
49999	49999	122.0	9
49999	49999	123.0	9
49999	49999	124.0	9
49999	49999	125.0	9
49999	49999	126.0	9
49999	49999	127.0	9
49999	49999	128.0	9
49999	49999	129.0	9
49999	49999	130.0	9
49999	49999	131.0	9
49999	49999	132.0	9
49999	49999	133.0	9
49999	49999	134.0	9
49999	49999	135.0	9
49999	49999	136.0	9
49999	49999	137.0	9
49999	49999	138.0	9
49999	49999	139.0	9
49999	49999	140.0	9
49999	49999	141.0	9
49999	49999	142.0	9
49999	49999	143.0	9
49999	49999	144.0	9
49999	49999	145.0	9
49999	49999	146.0	9
49999	49999	147.0	9
49999	49999	148.0	9
49999	49999	149.0	9
49999	49999	150.0	9
49999	49999	151.0	9
49999	49999	152.0	9
49999	49999	153.0	9
49999	49999	154.0	9
49999	49999	155.0	9
49999	49999	156.0	9
49999	49999	157.0	9
49999	49999	158.0	9
49999	49999	159.0	9
49999	49999	160.0	9
49999	49999	161.0	9
49999	49999	162.0	9
49999	49999	163.0	9
49999	49999	164.0	9
49999	49999	165.0	9
49999	49999	166.0	9
49999	49999	167.0	9
49999	49999	168.0	9
49999	49999	169.0	9
49999	49999	170.0	9
49999	49999	171.0	9
49999	49999	172.0	9
49999	49999	173.0	9
49999	49999	174.0	9
49999	49999	175.0	9
49999	49999	176.0	9
49999	49999	177.0	9
49999	49999	178.0	9
49999	49999	179.0	9
49999	49999	180.0	9
49999	49999	181.0	9
49999	49999	182.0	9
49999	49999	183.0	9
49999	49999	184.0	9
49999	49999	185.0	9
49999	49999	186.0	9
49999	49999	187.0	9
49999	49999	188.0	9
49999	49999	189.0	9
49999	49999	190.0	9
49999	49999	191.0	9
49999	49999	192.0	9
49999	49999	193.0	9
49999	49999	194.0	9
49999	49999	195.0	9
49999	49999	196.0	9
49999	49999	197.0	9
49999	49999	198.0	9
49999	49999	199.0	9
49999	49999	200.0	9
49999	49999	201.0	9
49999	49999	202.0	9
49999	49999	203.0	9
49999	49999	204.0	9
49999	49999	205.0	9
49999	49999	206.0	9
49999	49999	207.0	9
49999	49999	208.0	9
49999	49999	209.0	9
49999	49999	210.0	9
49999	49999	211.0	9
49999	49999	212.0	9
49999	49999	213.0	9
49999	49999	214.0	9
49999	49999	215.0	9
49999	49999	216.0	9
49999	49999	217.0	9
49999	49999	218.0	9
49999	49999	219.0	9
49999	49999	220.0	9
49999	49999	221.0	9
49999	49999	222.0	9
49999	49999	223.0	9
49999	49999	224.0	9
49999	49999	225.0	9
49999	49999	226.0	9
49999	49999	227.0	9
49999	49999	228.0	9
49999	49999	229.0	9
49999	49999	230.0	9
49999	49999	231.0	9
49999	49999	232.0	9
49999	49999	233.0	9
49999	49999	234.0	9
49999	49999	235.0	9
49999	49999	236.0	9
49999	49999	237.0	9
49999	49999	238.0	9
49999	49999	239.0	9
49999	49999	240.0	9
49999	49999	241.0	9
49999	49999	242.0	9
49999	49999	243.0	9
49999	49999	244.0	9
49999	49999	245.0	9
49999	49999	246.0	9
49999	49999	247.0	9
49999	49999	248.0	9
49999	49999	249.0	9
49999	49999	250.0	9
49999	49999	251.0	9
49999	49999	252.0	9
49999	49999	253.0	9
49999	49999	254.0	9
49999	49999	255.0	9
49999	49999	256.0	9
49999	49999	257.0	9
49999	49999	258.0	9
49999	49999	259.0	9
49999	49999	260.0	9
49999	49999	261.0	9
49999	49999	262.0	9
49999	49999	263.0	9
49999	49999	264.0	9
49999	49999	265.0	9
49999	49999	266.0	9
49999	49999	267.0	9
49999	49999	268.0	9
49999	49999	269.0	9
49999	49999	270.0	9
49999	49999	271.0	9
49999	49999	272.0	9
49999	49999	273.0	9
49999	49999	274.0	9
49999	49999	275.0	9
49999	49999	276.0	9
49999	49999	277.0	9
49999	49999	278.0	9
49999	49999	279.0	9
49999	49999	280.0	9
49999	49999	281.0	9
49999	49999	282.0	9
49999	49999	283.0	9
49999	49999	284.0	9
49999	49999	285.0	9
49999	49999	286.0	9
49999	49999	287.0	9
49999	49999	288.0	9
49999	49999	289.0	9
49999	49999	290.0	9
49999	49999	291.0	9
49999	49999	292.0	9
49999	49999	293.0	9
49999	49999	294.0	9
49999	49999	295.0	9
49999	49999	296.0	9
49999	49999	297.0	9
49999	49999	298.0	9
49999	49999	299.0	9
49999	49999	300.0	9
49999	49999	301.0	9
49999	49999	302.0	9
49999	49999	303.0	9
49999	49999	304.0	9
49999	49999	305.0	9
49999	49999	306.0	9
49999	49999	307.0	9
49999	49999	308.0	9
49999	49999	309.0	9
49999	49999	310.0	9
49999	49999	311.0	9
49999	49999	312.0	9
49999	49999	313.0	9
49999	49999	314.0	9
49999	49999	315.0	9
49999	49999	316.0	9
49999	49999	317.0	9
49999	49999	318.0	9
49999	49999	319.0	9
49999	49999	320.0	9
49999	49999	321.0	9
49999	49999	322.0	9
49999	49999	323.0	9
49999	49999	324.0	9
49999	49999	325.0	9
49999	49999	326.0	9
49999	49999	327.0	9
49999	49999	328.0	9
49999	49999	329.0	9
49999	49999	330.0	9
49999	49999	331.0	9
49999	49999	332.0	9
49999	49999	333.0	9
49999	49999	334.0	9
49999	49999	335.0	9
49999	49999	336.0	9
49999	49999	337.0	9
49999	49999	338.0	9
49999	49999	339.0	9
49999	49999	340.0	9
49999	49999	341.0	9
49999	49999	342.0	9
49999	49999	343.0	9
49999	49999	344.0	9
49999	49999	345.0	9
49999	49999	346.0	9
49999	49999	347.0	9
49999	49999	348.0	9
49999	49999	349.0	9
49999	49999	350.0	9
49999	49999	351.0	9
49999	49999	352.0	9
49999	49999	353.0	9
49999	49999	354.0	9
49999	49999	355.0	9
49999	49999	356.0	9
49999	49999	357.0	9
49999	49999	358.0	9
49999	49999	359.0	9
49999	49999	360.0	9
49999	49999	361.0	9
49999	49999	362.0	9
49999	49999	363.0	9
49999	49999	364.0	9
49999	49999	365.0	9
49999	49999	366.0	9
49999	49999	367.0	9
49999	49999	368.0	9
49999	49999	369.0	9
49999	49999	370.0	9
49999	49999	371.0	9
49999	49999	372.0	9
49999	49999	373.0	9
49999	49999	374.0	9
49999	49999	375.0	9
49999	49999	376.0	9
49999	49999	377.0	9
49999	49999	378.0	9
49999	49999	379.0	9
49999	49999	380.0	9
49999	49999	381.0	9
49999	49999	382.0	9
49999	49999	383.0	9
49999	49999	384.0	9
49999	49999	385.0	9
49999	49999	386.0	9
49999	49999	387.0	9
49999	49999	388.0	9
49999	49999	389.0	9
49999	49999	390.0	9
49999	49999	391.0	9
49999	49999	392.0	9
49999	49999	393.0	9
49999	47959	394.0	9
49999	40142	395.0	9
49999	40536	396.0	9
49999	40717	397.0	9
49196	32320	398.0	9
36045	20924	399.0	9
36040	20946	400.0	9
36022	21000	401.0	9
24108	10236	402.0	9
15297	976	403.0	9
15360	994	404.0	9
15597	1153	405.0	9
6307	0	406.0	9
0	0	407.0	9
0	0	408.0	9
0	0	409.0	9
0	0	410.0	9
0	0	411.0	9
0	0	412.0	9
0	0	413.0	9
0	0	414.0	9
0	0	415.0	9
0	0	416.0	9
0	0	417.0	9
0	0	418.0	9
0	0	419.0	9
0	0	420.0	9
0	0	421.0	9
0	0	422.0	9
0	0	423.0	9
0	0	424.0	9
0	0	425.0	9
0	0	426.0	9
0	0	427.0	9
0	0	428.0	9
0	0	429.0	9
0	0	430.0	9
0	0	431.0	9
0	0	432.0	9
0	0	433.0	9
0	0	434.0	9
0	0	435.0	9
0	0	436.0	9
0	0	437.0	9
0	0	438.0	9
0	0	439.0	9
0	0	440.0	9
0	0	441.0	9
0	0	442.0	9
0	0	443.0	9
0	0	444.0	9
0	0	445.0	9
0	0	446.0	9
0	0	447.0	9
0	0	448.0	9
0	0	449.0	9
0	0	450.0	9
0	0	451.0	9
0	0	452.0	9
0	0	453.0	9
0	0	454.0	9
0	0	455.0	9
0	0	456.0	9
0	0	457.0	9
0	0	458.0	9
0	0	459.0	9
0	0	460.0	9
0	0	461.0	9
0	0	462.0	9
0	0	463.0	9
0	0	464.0	9
0	0	465.0	9
0	0	466.0	9
0	0	467.0	9
0	0	468.0	9
0	0	469.0	9
0	0	470.0	9
0	0	471.0	9
0	0	472.0	9
0	0	473.0	9
0	0	474.0	9
0	0	475.0	9
0	0	476.0	9
0	0	477.0	9
0	0	478.0	9
0	0	479.0	9
0	0	480.0	9
0	0	481.0	9
0	0	482.0	9
0	0	483.0	9
0	0	484.0	9
0	0	485.0	9
0	0	486.0	9
0	0	487.0	9
0	0	488.0	9
0	0	489.0	9
0	0	490.0	9
0	0	491.0	9
0	0	492.0	9
0	0	493.0	9
0	0	494.0	9
0	0	495.0	9
0	0	496.0	9
0	0	497.0	9
0	0	498.0	9
0	0	499.0	9
0	0	500.0	9
