Experiment time:	2021-07-09 16:59:33	Scanning Mode:	Time Sweep
Total Loop:	20	Point per loop:	100
Signal	Reference	Time(ns)	Loop Num
0	0	753.0	0
0	0	756.0	0
0	0	759.0	0
0	0	762.0	0
1	0	765.0	0
2	1	768.0	0
0	0	771.0	0
0	3	774.0	0
1	1	777.0	0
0	7	780.0	0
0	4	783.0	0
0	22	786.0	0
0	31	789.0	0
0	63	792.0	0
0	92	795.0	0
0	113	798.0	0
1	131	801.0	0
1	161	804.0	0
0	226	807.0	0
1	226	810.0	0
0	293	813.0	0
1	263	816.0	0
0	285	819.0	0
1	308	822.0	0
0	330	825.0	0
0	383	828.0	0
0	376	831.0	0
0	417	834.0	0
0	452	837.0	0
1	450	840.0	0
1	481	843.0	0
0	506	846.0	0
0	470	849.0	0
0	565	852.0	0
0	596	855.0	0
0	633	858.0	0
2	630	861.0	0
1	716	864.0	0
0	798	867.0	0
1	757	870.0	0
2	787	873.0	0
1	870	876.0	0
1	1026	879.0	0
0	945	882.0	0
0	916	885.0	0
0	882	888.0	0
0	1026	891.0	0
0	963	894.0	0
0	1005	897.0	0
0	947	900.0	0
0	1049	903.0	0
1	1003	906.0	0
0	1033	909.0	0
0	1054	912.0	0
1	1080	915.0	0
0	1065	918.0	0
0	1016	921.0	0
0	1021	924.0	0
1	1000	927.0	0
0	954	930.0	0
0	936	933.0	0
0	1016	936.0	0
0	987	939.0	0
0	1059	942.0	0
0	998	945.0	0
0	924	948.0	0
2	881	951.0	0
0	862	954.0	0
0	953	957.0	0
1	1125	960.0	0
1	975	963.0	0
0	1002	966.0	0
0	1059	969.0	0
0	1071	972.0	0
1	966	975.0	0
0	1117	978.0	0
0	980	981.0	0
0	949	984.0	0
0	1062	987.0	0
0	1110	990.0	0
0	1059	993.0	0
0	1067	996.0	0
0	1104	999.0	0
0	1095	1002.0	0
0	1078	1005.0	0
2	984	1008.0	0
0	978	1011.0	0
1	1038	1014.0	0
1	1021	1017.0	0
0	1008	1020.0	0
1	983	1023.0	0
0	1031	1026.0	0
1	1089	1029.0	0
0	1116	1032.0	0
0	1093	1035.0	0
0	1255	1038.0	0
0	1150	1041.0	0
0	1113	1044.0	0
0	1094	1047.0	0
0	1039	1050.0	0
0	1	753.0	1
0	0	756.0	1
0	0	759.0	1
0	1	762.0	1
0	0	765.0	1
1	1	768.0	1
0	1	771.0	1
0	0	774.0	1
0	3	777.0	1
0	5	780.0	1
0	12	783.0	1
0	16	786.0	1
0	26	789.0	1
0	52	792.0	1
1	78	795.0	1
1	95	798.0	1
0	113	801.0	1
0	185	804.0	1
1	201	807.0	1
0	204	810.0	1
0	230	813.0	1
0	296	816.0	1
0	319	819.0	1
1	310	822.0	1
0	306	825.0	1
1	311	828.0	1
0	394	831.0	1
0	381	834.0	1
1	366	837.0	1
1	451	840.0	1
1	496	843.0	1
0	535	846.0	1
0	584	849.0	1
0	590	852.0	1
1	649	855.0	1
1	659	858.0	1
1	722	861.0	1
0	686	864.0	1
0	721	867.0	1
0	749	870.0	1
1	758	873.0	1
1	768	876.0	1
1	865	879.0	1
0	903	882.0	1
1	1000	885.0	1
0	1113	888.0	1
0	1207	891.0	1
0	995	894.0	1
0	982	897.0	1
0	1035	900.0	1
0	951	903.0	1
0	1011	906.0	1
0	997	909.0	1
0	1034	912.0	1
0	1034	915.0	1
0	1147	918.0	1
0	1026	921.0	1
0	1004	924.0	1
0	1108	927.0	1
0	1084	930.0	1
1	962	933.0	1
0	975	936.0	1
1	968	939.0	1
1	858	942.0	1
0	957	945.0	1
0	1016	948.0	1
0	1050	951.0	1
0	1040	954.0	1
0	888	957.0	1
0	917	960.0	1
2	956	963.0	1
0	945	966.0	1
0	987	969.0	1
0	1089	972.0	1
0	985	975.0	1
1	990	978.0	1
0	989	981.0	1
1	1023	984.0	1
1	1051	987.0	1
1	999	990.0	1
0	947	993.0	1
0	1066	996.0	1
0	1141	999.0	1
0	1073	1002.0	1
0	986	1005.0	1
0	1016	1008.0	1
0	955	1011.0	1
0	952	1014.0	1
0	924	1017.0	1
0	1072	1020.0	1
1	1109	1023.0	1
0	1118	1026.0	1
0	1224	1029.0	1
0	1106	1032.0	1
0	1083	1035.0	1
1	1172	1038.0	1
0	1160	1041.0	1
0	1157	1044.0	1
0	1086	1047.0	1
1	1029	1050.0	1
0	0	753.0	2
0	0	756.0	2
0	0	759.0	2
0	0	762.0	2
2	0	765.0	2
0	0	768.0	2
0	0	771.0	2
0	0	774.0	2
0	1	777.0	2
0	6	780.0	2
0	4	783.0	2
0	13	786.0	2
0	19	789.0	2
0	58	792.0	2
0	85	795.0	2
0	124	798.0	2
0	114	801.0	2
0	186	804.0	2
0	232	807.0	2
0	247	810.0	2
0	271	813.0	2
0	264	816.0	2
0	311	819.0	2
0	315	822.0	2
0	355	825.0	2
0	297	828.0	2
0	343	831.0	2
0	414	834.0	2
0	431	837.0	2
0	441	840.0	2
0	538	843.0	2
0	492	846.0	2
0	549	849.0	2
0	622	852.0	2
0	626	855.0	2
1	637	858.0	2
0	666	861.0	2
0	648	864.0	2
0	735	867.0	2
0	726	870.0	2
1	729	873.0	2
0	803	876.0	2
0	890	879.0	2
0	973	882.0	2
1	928	885.0	2
0	990	888.0	2
0	915	891.0	2
0	983	894.0	2
0	975	897.0	2
1	927	900.0	2
1	1001	903.0	2
0	916	906.0	2
0	913	909.0	2
0	957	912.0	2
1	1010	915.0	2
1	995	918.0	2
0	1052	921.0	2
0	983	924.0	2
0	933	927.0	2
0	887	930.0	2
0	932	933.0	2
0	910	936.0	2
1	995	939.0	2
0	1063	942.0	2
0	1053	945.0	2
0	1028	948.0	2
0	1047	951.0	2
0	1093	954.0	2
0	1047	957.0	2
1	1014	960.0	2
0	1004	963.0	2
0	1024	966.0	2
0	1006	969.0	2
0	1042	972.0	2
0	1121	975.0	2
0	1087	978.0	2
0	1050	981.0	2
0	1033	984.0	2
0	1008	987.0	2
1	987	990.0	2
1	920	993.0	2
0	897	996.0	2
0	995	999.0	2
0	1006	1002.0	2
0	954	1005.0	2
0	949	1008.0	2
0	989	1011.0	2
0	1052	1014.0	2
0	1007	1017.0	2
1	938	1020.0	2
0	1012	1023.0	2
0	968	1026.0	2
0	987	1029.0	2
1	1059	1032.0	2
1	1048	1035.0	2
0	1089	1038.0	2
0	1027	1041.0	2
0	1074	1044.0	2
0	971	1047.0	2
0	1113	1050.0	2
0	0	753.0	3
0	1	756.0	3
1	0	759.0	3
0	0	762.0	3
0	0	765.0	3
0	0	768.0	3
0	0	771.0	3
0	1	774.0	3
1	0	777.0	3
0	2	780.0	3
0	15	783.0	3
0	16	786.0	3
0	27	789.0	3
0	50	792.0	3
0	92	795.0	3
0	91	798.0	3
1	130	801.0	3
0	165	804.0	3
1	216	807.0	3
0	221	810.0	3
0	233	813.0	3
1	303	816.0	3
0	280	819.0	3
0	300	822.0	3
0	290	825.0	3
0	327	828.0	3
0.0	0.0	0.0	0.0
0.0	0.0	0.0	0.0
0	355	837.0	3
0	510	840.0	3
1	461	843.0	3
0	529	846.0	3
0	560	849.0	3
0	533	852.0	3
0	580	855.0	3
0	599	858.0	3
0	596	861.0	3
0	637	864.0	3
0	721	867.0	3
2	792	870.0	3
1	817	873.0	3
0	874	876.0	3
1	987	879.0	3
0	917	882.0	3
0	942	885.0	3
0	936	888.0	3
0	947	891.0	3
1	872	894.0	3
0	889	897.0	3
0	957	900.0	3
1	871	903.0	3
0	901	906.0	3
0	895	909.0	3
0	1012	912.0	3
0	1070	915.0	3
1	1059	918.0	3
0	1009	921.0	3
1	958	924.0	3
0	913	927.0	3
0	916	930.0	3
0	1017	933.0	3
0	939	936.0	3
0	914	939.0	3
2	913	942.0	3
0	948	945.0	3
1	1035	948.0	3
0	923	951.0	3
0	908	954.0	3
1	908	957.0	3
0	988	960.0	3
0	1035	963.0	3
0	913	966.0	3
0	964	969.0	3
0	967	972.0	3
0	972	975.0	3
0	1008	978.0	3
0	936	981.0	3
0	1041	984.0	3
0	943	987.0	3
0	942	990.0	3
0	878	993.0	3
0	958	996.0	3
0	990	999.0	3
1	1003	1002.0	3
0	956	1005.0	3
0	1102	1008.0	3
0	1101	1011.0	3
1	1056	1014.0	3
0	1015	1017.0	3
0	1078	1020.0	3
0	1014	1023.0	3
0	1077	1026.0	3
0	1109	1029.0	3
0	1110	1032.0	3
0	1013	1035.0	3
0	1051	1038.0	3
0	1103	1041.0	3
0	1141	1044.0	3
0	1205	1047.0	3
0	1043	1050.0	3
0	0	753.0	4
0	1	756.0	4
1	1	759.0	4
0	0	762.0	4
0	1	765.0	4
0	0	768.0	4
0	0	771.0	4
1	1	774.0	4
0	1	777.0	4
0	1	780.0	4
0	5	783.0	4
0	17	786.0	4
2	20	789.0	4
0	46	792.0	4
0	72	795.0	4
1	94	798.0	4
0	131	801.0	4
1	165	804.0	4
0	225	807.0	4
0	259	810.0	4
0	265	813.0	4
0	269	816.0	4
0	330	819.0	4
0	288	822.0	4
0	321	825.0	4
0	327	828.0	4
1	335	831.0	4
0	333	834.0	4
0	409	837.0	4
0	430	840.0	4
0	496	843.0	4
0	585	846.0	4
0	564	849.0	4
0	638	852.0	4
0	700	855.0	4
0	667	858.0	4
0	663	861.0	4
0	681	864.0	4
0	658	867.0	4
0	767	870.0	4
0	737	873.0	4
0	914	876.0	4
1	960	879.0	4
0	911	882.0	4
0	940	885.0	4
0	1064	888.0	4
0	994	891.0	4
1	985	894.0	4
0	981	897.0	4
0	950	900.0	4
0	1004	903.0	4
0	953	906.0	4
1	973	909.0	4
0	884	912.0	4
1	825	915.0	4
0	881	918.0	4
0	935	921.0	4
0	968	924.0	4
0	971	927.0	4
1	1088	930.0	4
0	1029	933.0	4
0	1037	936.0	4
0	909	939.0	4
0	946	942.0	4
1	930	945.0	4
0	894	948.0	4
0	912	951.0	4
0	878	954.0	4
0	1003	957.0	4
0	916	960.0	4
0	912	963.0	4
0	979	966.0	4
0	911	969.0	4
0	996	972.0	4
0	939	975.0	4
0	898	978.0	4
0	915	981.0	4
0	943	984.0	4
0	899	987.0	4
1	1015	990.0	4
0	968	993.0	4
0	989	996.0	4
1	1052	999.0	4
0	1013	1002.0	4
1	988	1005.0	4
0	1096	1008.0	4
0	953	1011.0	4
0	950	1014.0	4
0	995	1017.0	4
0	1010	1020.0	4
0	1036	1023.0	4
0	1031	1026.0	4
0	1056	1029.0	4
1	1023	1032.0	4
0	1036	1035.0	4
0	954	1038.0	4
0	979	1041.0	4
0	957	1044.0	4
1	955	1047.0	4
1	994	1050.0	4
0	0	753.0	5
0	1	756.0	5
0	0	759.0	5
1	0	762.0	5
0	0	765.0	5
0	0	768.0	5
0	0	771.0	5
1	0	774.0	5
0	0	777.0	5
0	2	780.0	5
0	12	783.0	5
0	16	786.0	5
0	34	789.0	5
0	42	792.0	5
0	64	795.0	5
0	93	798.0	5
2	138	801.0	5
0	188	804.0	5
0	224	807.0	5
0	237	810.0	5
0	268	813.0	5
1	261	816.0	5
0	257	819.0	5
0	294	822.0	5
0	348	825.0	5
1	359	828.0	5
0	448	831.0	5
1	435	834.0	5
0	456	837.0	5
0	458	840.0	5
0	563	843.0	5
0	520	846.0	5
1	615	849.0	5
0	616	852.0	5
2	631	855.0	5
0	628	858.0	5
0	696	861.0	5
1	736	864.0	5
0	856	867.0	5
1	804	870.0	5
0	823	873.0	5
0	850	876.0	5
0	905	879.0	5
0	926	882.0	5
0	1067	885.0	5
0	924	888.0	5
0	878	891.0	5
0	992	894.0	5
0	956	897.0	5
0	972	900.0	5
0	1087	903.0	5
0	979	906.0	5
0	887	909.0	5
0	963	912.0	5
0	1028	915.0	5
1	975	918.0	5
0	888	921.0	5
0	918	924.0	5
0	1042	927.0	5
0	995	930.0	5
0	854	933.0	5
0	915	936.0	5
1	929	939.0	5
0	986	942.0	5
1	997	945.0	5
0	982	948.0	5
0	916	951.0	5
0	971	954.0	5
0	918	957.0	5
1	1023	960.0	5
0	966	963.0	5
0	1073	966.0	5
1	948	969.0	5
0	1029	972.0	5
0	1024	975.0	5
0	953	978.0	5
0	957	981.0	5
0	1066	984.0	5
2	1094	987.0	5
0	1114	990.0	5
0	1001	993.0	5
0	983	996.0	5
0	984	999.0	5
0	1044	1002.0	5
1	1084	1005.0	5
0	1044	1008.0	5
0	1189	1011.0	5
1	984	1014.0	5
0	971	1017.0	5
0	915	1020.0	5
0	1020	1023.0	5
0	1041	1026.0	5
1	1059	1029.0	5
0	1103	1032.0	5
0	1086	1035.0	5
0	1130	1038.0	5
1	1134	1041.0	5
0	1124	1044.0	5
0	992	1047.0	5
0	1008	1050.0	5
0	0	753.0	6
0	0	756.0	6
0	0	759.0	6
0	0	762.0	6
0	1	765.0	6
1	1	768.0	6
0	0	771.0	6
0	0	774.0	6
1	3	777.0	6
1	4	780.0	6
0	18	783.0	6
0	11	786.0	6
0	23	789.0	6
1	50	792.0	6
0	79	795.0	6
0	125	798.0	6
0	110	801.0	6
0	164	804.0	6
0	221	807.0	6
0	235	810.0	6
0	254	813.0	6
0	281	816.0	6
0	326	819.0	6
1	292	822.0	6
0	236	825.0	6
1	317	828.0	6
0	400	831.0	6
0	415	834.0	6
0	418	837.0	6
0	447	840.0	6
1	418	843.0	6
1	575	846.0	6
1	566	849.0	6
1	620	852.0	6
0	679	855.0	6
0	648	858.0	6
0	678	861.0	6
0	794	864.0	6
0	812	867.0	6
0	754	870.0	6
0	770	873.0	6
0	833	876.0	6
0	861	879.0	6
0	916	882.0	6
0	909	885.0	6
0	901	888.0	6
0	971	891.0	6
0	981	894.0	6
0	919	897.0	6
0	961	900.0	6
0	860	903.0	6
1	809	906.0	6
0	939	909.0	6
0	869	912.0	6
0	979	915.0	6
0	921	918.0	6
0	937	921.0	6
0	949	924.0	6
0	898	927.0	6
1	943	930.0	6
0	951	933.0	6
0	882	936.0	6
0	957	939.0	6
0	1093	942.0	6
0	1056	945.0	6
0	957	948.0	6
0	947	951.0	6
0	930	954.0	6
0	957	957.0	6
1	929	960.0	6
0	981	963.0	6
0	942	966.0	6
0	855	969.0	6
0	951	972.0	6
0	997	975.0	6
0	1039	978.0	6
0	1076	981.0	6
0	1043	984.0	6
2	1061	987.0	6
0	1000	990.0	6
0	1002	993.0	6
0	968	996.0	6
0	1031	999.0	6
0	945	1002.0	6
0	896	1005.0	6
0	974	1008.0	6
1	1012	1011.0	6
0	1016	1014.0	6
0	1043	1017.0	6
0	923	1020.0	6
0	977	1023.0	6
0	961	1026.0	6
0	973	1029.0	6
0	951	1032.0	6
0	1089	1035.0	6
0	1103	1038.0	6
1	1016	1041.0	6
0	1124	1044.0	6
0	1071	1047.0	6
0	1067	1050.0	6
0	0	753.0	7
0	0	756.0	7
0	0	759.0	7
0	0	762.0	7
0	0	765.0	7
1	0	768.0	7
0	0	771.0	7
0	0	774.0	7
0	0	777.0	7
0	3	780.0	7
0	16	783.0	7
1	13	786.0	7
0	20	789.0	7
0	49	792.0	7
0	93	795.0	7
0	81	798.0	7
0	132	801.0	7
1	165	804.0	7
0	190	807.0	7
0	229	810.0	7
0	223	813.0	7
0	289	816.0	7
0	312	819.0	7
0	335	822.0	7
0	353	825.0	7
0	310	828.0	7
0	316	831.0	7
0	375	834.0	7
0	395	837.0	7
0	437	840.0	7
0	492	843.0	7
0	563	846.0	7
0	549	849.0	7
0	604	852.0	7
0	662	855.0	7
1	730	858.0	7
0	707	861.0	7
0	657	864.0	7
0	775	867.0	7
0	857	870.0	7
0	779	873.0	7
0	813	876.0	7
0	872	879.0	7
0	956	882.0	7
0	890	885.0	7
0	980	888.0	7
1	983	891.0	7
0	864	894.0	7
0	1034	897.0	7
0	1013	900.0	7
0	973	903.0	7
1	947	906.0	7
0	1011	909.0	7
0	985	912.0	7
0	840	915.0	7
1	959	918.0	7
0	1044	921.0	7
0	848	924.0	7
1	808	927.0	7
0	867	930.0	7
1	882	933.0	7
0	967	936.0	7
0	934	939.0	7
1	904	942.0	7
0	915	945.0	7
0	926	948.0	7
0	1022	951.0	7
0	951	954.0	7
0	968	957.0	7
1	868	960.0	7
0	1004	963.0	7
2	942	966.0	7
0	1108	969.0	7
0	1043	972.0	7
0	1061	975.0	7
0	994	978.0	7
0	894	981.0	7
0	903	984.0	7
0	848	987.0	7
0	960	990.0	7
0	898	993.0	7
0	1055	996.0	7
0	1041	999.0	7
0	1090	1002.0	7
0	1018	1005.0	7
0	970	1008.0	7
0	1074	1011.0	7
0	1034	1014.0	7
0	988	1017.0	7
2	1016	1020.0	7
0	987	1023.0	7
0	912	1026.0	7
0	885	1029.0	7
0	977	1032.0	7
0	988	1035.0	7
0	909	1038.0	7
0	943	1041.0	7
1	1030	1044.0	7
0	974	1047.0	7
0	970	1050.0	7
0	0	753.0	8
1	0	756.0	8
0	0	759.0	8
0	0	762.0	8
0	0	765.0	8
0	0	768.0	8
0	0	771.0	8
0	0	774.0	8
1	0	777.0	8
0	2	780.0	8
0	14	783.0	8
0	12	786.0	8
0	31	789.0	8
0	44	792.0	8
0	80	795.0	8
0	94	798.0	8
0	115	801.0	8
0	166	804.0	8
1	209	807.0	8
0	221	810.0	8
0	251	813.0	8
0	263	816.0	8
0	267	819.0	8
0	292	822.0	8
0	339	825.0	8
0	379	828.0	8
0	395	831.0	8
1	402	834.0	8
0	411	837.0	8
0	443	840.0	8
0	518	843.0	8
0	503	846.0	8
0	607	849.0	8
0	625	852.0	8
0	668	855.0	8
1	619	858.0	8
0	632	861.0	8
0	722	864.0	8
1	759	867.0	8
0	789	870.0	8
0	762	873.0	8
0	764	876.0	8
0	858	879.0	8
0	925	882.0	8
1	1029	885.0	8
1	968	888.0	8
0	1000	891.0	8
1	991	894.0	8
0	898	897.0	8
2	943	900.0	8
1	981	903.0	8
0	911	906.0	8
0	942	909.0	8
0	951	912.0	8
0	984	915.0	8
2	1027	918.0	8
0	918	921.0	8
0	866	924.0	8
0	900	927.0	8
0	859	930.0	8
1	914	933.0	8
0	878	936.0	8
0	881	939.0	8
0	897	942.0	8
0	908	945.0	8
0	922	948.0	8
2	876	951.0	8
0	962	954.0	8
1	892	957.0	8
1	872	960.0	8
0	873	963.0	8
0	955	966.0	8
0	1019	969.0	8
1	976	972.0	8
0	985	975.0	8
0	1020	978.0	8
0	1019	981.0	8
0	909	984.0	8
0	965	987.0	8
0	970	990.0	8
1	1071	993.0	8
0	1095	996.0	8
0	1039	999.0	8
1	960	1002.0	8
1	995	1005.0	8
1	934	1008.0	8
1	957	1011.0	8
1	1064	1014.0	8
0	1014	1017.0	8
0	1058	1020.0	8
0	1012	1023.0	8
1	1006	1026.0	8
1	944	1029.0	8
0	957	1032.0	8
0	969	1035.0	8
0	1052	1038.0	8
0	1133	1041.0	8
0	1091	1044.0	8
0	1094	1047.0	8
1	983	1050.0	8
0	0	753.0	9
0	0	756.0	9
0	0	759.0	9
0	0	762.0	9
0	0	765.0	9
0	0	768.0	9
0	1	771.0	9
0	0	774.0	9
1	0	777.0	9
0	2	780.0	9
0	9	783.0	9
0	15	786.0	9
1	28	789.0	9
0	50	792.0	9
2	79	795.0	9
0	95	798.0	9
1	101	801.0	9
1	153	804.0	9
0	190	807.0	9
0	217	810.0	9
0	244	813.0	9
2	251	816.0	9
0	303	819.0	9
0	331	822.0	9
0	349	825.0	9
0	324	828.0	9
0	339	831.0	9
0	418	834.0	9
0	399	837.0	9
0	406	840.0	9
1	473	843.0	9
0	546	846.0	9
0	547	849.0	9
0	567	852.0	9
0	639	855.0	9
0	607	858.0	9
0	728	861.0	9
1	742	864.0	9
0	739	867.0	9
0	742	870.0	9
0	769	873.0	9
1	814	876.0	9
0	873	879.0	9
1	894	882.0	9
0	955	885.0	9
0	952	888.0	9
0	1026	891.0	9
1	990	894.0	9
0	933	897.0	9
0	921	900.0	9
2	914	903.0	9
1	862	906.0	9
0	975	909.0	9
0	921	912.0	9
0	1044	915.0	9
0	981	918.0	9
1	995	921.0	9
0	874	924.0	9
0	913	927.0	9
0	879	930.0	9
0	818	933.0	9
0	950	936.0	9
0	812	939.0	9
0	959	942.0	9
0	985	945.0	9
0	1048	948.0	9
1	1084	951.0	9
0	968	954.0	9
0	943	957.0	9
1	1111	960.0	9
0	1009	963.0	9
0	940	966.0	9
0	930	969.0	9
0	939	972.0	9
0	955	975.0	9
0	909	978.0	9
0	1009	981.0	9
0	931	984.0	9
0	928	987.0	9
0	1014	990.0	9
1	1000	993.0	9
0	1008	996.0	9
0	989	999.0	9
0	903	1002.0	9
0	877	1005.0	9
0	1008	1008.0	9
0	970	1011.0	9
0	1001	1014.0	9
0	1157	1017.0	9
0	1071	1020.0	9
0	997	1023.0	9
0	967	1026.0	9
0	946	1029.0	9
0	975	1032.0	9
0	902	1035.0	9
0	980	1038.0	9
0	995	1041.0	9
0	935	1044.0	9
0	960	1047.0	9
0	939	1050.0	9
0	0	753.0	10
1	0	756.0	10
1	0	759.0	10
1	0	762.0	10
0	0	765.0	10
0	0	768.0	10
0	1	771.0	10
0	0	774.0	10
0	0	777.0	10
0	3	780.0	10
1	11	783.0	10
0	10	786.0	10
1	27	789.0	10
0	52	792.0	10
0	63	795.0	10
1	90	798.0	10
0	116	801.0	10
0	153	804.0	10
0	236	807.0	10
0	250	810.0	10
0	226	813.0	10
0	255	816.0	10
1	321	819.0	10
1	321	822.0	10
0	332	825.0	10
0	358	828.0	10
1	301	831.0	10
0	371	834.0	10
0	409	837.0	10
0	422	840.0	10
1	472	843.0	10
1	527	846.0	10
0	517	849.0	10
0	542	852.0	10
1	668	855.0	10
0	624	858.0	10
0	658	861.0	10
0	796	864.0	10
1	723	867.0	10
0	766	870.0	10
0	744	873.0	10
0	796	876.0	10
1	837	879.0	10
1	827	882.0	10
0	864	885.0	10
0	909	888.0	10
0	938	891.0	10
1	911	894.0	10
0	895	897.0	10
0	904	900.0	10
0	912	903.0	10
2	904	906.0	10
0	993	909.0	10
0	943	912.0	10
0	927	915.0	10
0	956	918.0	10
1	887	921.0	10
0	832	924.0	10
0	846	927.0	10
0	898	930.0	10
0	855	933.0	10
1	835	936.0	10
0	901	939.0	10
0	832	942.0	10
0	896	945.0	10
1	878	948.0	10
1	889	951.0	10
1	922	954.0	10
0	954	957.0	10
1	1020	960.0	10
2	990	963.0	10
0	1017	966.0	10
0	970	969.0	10
1	985	972.0	10
0	947	975.0	10
0	921	978.0	10
0	876	981.0	10
0	971	984.0	10
0	929	987.0	10
1	932	990.0	10
0	913	993.0	10
0	946	996.0	10
0	929	999.0	10
0	1002	1002.0	10
0	978	1005.0	10
0	1016	1008.0	10
1	1101	1011.0	10
0	995	1014.0	10
0	1016	1017.0	10
0	1105	1020.0	10
0	1064	1023.0	10
0	1141	1026.0	10
1	1063	1029.0	10
0	1024	1032.0	10
0	1040	1035.0	10
0	1088	1038.0	10
0	1019	1041.0	10
0	1097	1044.0	10
1	958	1047.0	10
0	951	1050.0	10
0	0	753.0	11
0	1	756.0	11
1	0	759.0	11
2	0	762.0	11
0	0	765.0	11
0	0	768.0	11
1	0	771.0	11
0	1	774.0	11
0	1	777.0	11
0	2	780.0	11
0	7	783.0	11
0	13	786.0	11
0	21	789.0	11
0	51	792.0	11
0	76	795.0	11
0	99	798.0	11
0	109	801.0	11
0	163	804.0	11
0	194	807.0	11
0	259	810.0	11
0	242	813.0	11
1	287	816.0	11
0	293	819.0	11
0	320	822.0	11
1	290	825.0	11
0	367	828.0	11
2	379	831.0	11
0	405	834.0	11
0	367	837.0	11
0	442	840.0	11
0	458	843.0	11
0	481	846.0	11
0	550	849.0	11
0	572	852.0	11
1	599	855.0	11
1	640	858.0	11
0	661	861.0	11
0	711	864.0	11
0	777	867.0	11
0	714	870.0	11
0	815	873.0	11
0	856	876.0	11
0	974	879.0	11
1	903	882.0	11
0	1011	885.0	11
0	948	888.0	11
0	1031	891.0	11
0	989	894.0	11
0	1034	897.0	11
0	965	900.0	11
0	864	903.0	11
0	882	906.0	11
0	934	909.0	11
0	987	912.0	11
0	940	915.0	11
0	1013	918.0	11
0	996	921.0	11
1	919	924.0	11
1	896	927.0	11
0	921	930.0	11
1	936	933.0	11
1	955	936.0	11
2	881	939.0	11
0	825	942.0	11
1	910	945.0	11
0	831	948.0	11
0	898	951.0	11
0	934	954.0	11
0	916	957.0	11
1	873	960.0	11
1	895	963.0	11
0	969	966.0	11
1	891	969.0	11
1	1002	972.0	11
0	955	975.0	11
0	1015	978.0	11
0	972	981.0	11
0	1010	984.0	11
0	998	987.0	11
0	985	990.0	11
0	906	993.0	11
0	962	996.0	11
0	1070	999.0	11
0	1043	1002.0	11
0	956	1005.0	11
0	958	1008.0	11
0	916	1011.0	11
0	983	1014.0	11
0	885	1017.0	11
0	936	1020.0	11
1	977	1023.0	11
0	1001	1026.0	11
0	1030	1029.0	11
0	1012	1032.0	11
0	1017	1035.0	11
0	1077	1038.0	11
0	1031	1041.0	11
0	971	1044.0	11
0	1022	1047.0	11
0	964	1050.0	11
1	0	753.0	12
0	0	756.0	12
1	0	759.0	12
0	0	762.0	12
0	0	765.0	12
0	0	768.0	12
1	0	771.0	12
0	0	774.0	12
0	1	777.0	12
0	5	780.0	12
0	7	783.0	12
0	12	786.0	12
0	21	789.0	12
0	53	792.0	12
0	70	795.0	12
0	96	798.0	12
0	122	801.0	12
0	171	804.0	12
0	187	807.0	12
0	247	810.0	12
0	220	813.0	12
0	224	816.0	12
0	283	819.0	12
0	271	822.0	12
0	279	825.0	12
0	350	828.0	12
2	369	831.0	12
0	369	834.0	12
0	397	837.0	12
0	432	840.0	12
0	470	843.0	12
1	488	846.0	12
0	423	849.0	12
0	530	852.0	12
0	542	855.0	12
1	629	858.0	12
0	648	861.0	12
0	662	864.0	12
0	675	867.0	12
0	725	870.0	12
0	735	873.0	12
0	796	876.0	12
0	816	879.0	12
0	889	882.0	12
0	890	885.0	12
0	923	888.0	12
1	959	891.0	12
0	887	894.0	12
0	905	897.0	12
0	912	900.0	12
0	915	903.0	12
0	954	906.0	12
0	987	909.0	12
0	1039	912.0	12
0	983	915.0	12
0	1043	918.0	12
0	1045	921.0	12
0	961	924.0	12
1	970	927.0	12
0	938	930.0	12
0	920	933.0	12
0	907	936.0	12
0	914	939.0	12
0	939	942.0	12
0	906	945.0	12
0	1034	948.0	12
1	1001	951.0	12
0	930	954.0	12
0	961	957.0	12
0	1025	960.0	12
0	987	963.0	12
0	893	966.0	12
0	999	969.0	12
0	934	972.0	12
0	989	975.0	12
0	910	978.0	12
0	876	981.0	12
0	917	984.0	12
0	965	987.0	12
0	1062	990.0	12
0	1017	993.0	12
0	993	996.0	12
0	1001	999.0	12
1	965	1002.0	12
0	896	1005.0	12
0	958	1008.0	12
0	886	1011.0	12
0	918	1014.0	12
0	1035	1017.0	12
0	911	1020.0	12
0	913	1023.0	12
0	972	1026.0	12
1	914	1029.0	12
0	993	1032.0	12
0	936	1035.0	12
0	960	1038.0	12
0	1034	1041.0	12
0	1054	1044.0	12
0	1004	1047.0	12
0	915	1050.0	12
3	0	753.0	13
0	0	756.0	13
0	0	759.0	13
0	0	762.0	13
0	0	765.0	13
0	0	768.0	13
0	0	771.0	13
1	0	774.0	13
0	0	777.0	13
0	2	780.0	13
0	7	783.0	13
0	14	786.0	13
0	25	789.0	13
1	45	792.0	13
0	76	795.0	13
0	93	798.0	13
0	105	801.0	13
0	147	804.0	13
0	203	807.0	13
0	265	810.0	13
0	249	813.0	13
0	232	816.0	13
1	272	819.0	13
1	267	822.0	13
0	311	825.0	13
0	309	828.0	13
0	352	831.0	13
0	378	834.0	13
1	332	837.0	13
1	435	840.0	13
1	490	843.0	13
0	530	846.0	13
0	545	849.0	13
0	636	852.0	13
0	637	855.0	13
0	683	858.0	13
0	682	861.0	13
1	666	864.0	13
1	765	867.0	13
0	772	870.0	13
1	780	873.0	13
1	780	876.0	13
0	801	879.0	13
0	769	882.0	13
0	858	885.0	13
0	889	888.0	13
0	1036	891.0	13
0	1002	894.0	13
0	1042	897.0	13
0	927	900.0	13
1	984	903.0	13
0	932	906.0	13
0	911	909.0	13
0	874	912.0	13
0	915	915.0	13
0	856	918.0	13
0	915	921.0	13
0	964	924.0	13
0	869	927.0	13
0	931	930.0	13
0	917	933.0	13
0	906	936.0	13
0	996	939.0	13
0	976	942.0	13
1	929	945.0	13
0	922	948.0	13
1	870	951.0	13
0	799	954.0	13
0	871	957.0	13
0	781	960.0	13
1	881	963.0	13
2	961	966.0	13
0	974	969.0	13
0	988	972.0	13
1	961	975.0	13
0	946	978.0	13
0	907	981.0	13
0	978	984.0	13
0	940	987.0	13
1	923	990.0	13
0	927	993.0	13
0	951	996.0	13
0	911	999.0	13
0	1042	1002.0	13
1	984	1005.0	13
0	1003	1008.0	13
0	1000	1011.0	13
0	981	1014.0	13
0	956	1017.0	13
0	994	1020.0	13
0	892	1023.0	13
0	912	1026.0	13
0	1007	1029.0	13
0	1031	1032.0	13
1	1003	1035.0	13
0	994	1038.0	13
0	891	1041.0	13
0	944	1044.0	13
0	931	1047.0	13
0	991	1050.0	13
0	0	753.0	14
0	0	756.0	14
0	0	759.0	14
2	0	762.0	14
0	0	765.0	14
0	0	768.0	14
0	0	771.0	14
0	1	774.0	14
0	0	777.0	14
0	1	780.0	14
0	10	783.0	14
0	13	786.0	14
0	21	789.0	14
0	47	792.0	14
0	81	795.0	14
0	83	798.0	14
0	109	801.0	14
0	132	804.0	14
0	195	807.0	14
0	236	810.0	14
1	274	813.0	14
0	311	816.0	14
0	345	819.0	14
0	329	822.0	14
0	333	825.0	14
1	313	828.0	14
0	342	831.0	14
0	388	834.0	14
0	380	837.0	14
0	418	840.0	14
0	444	843.0	14
0	469	846.0	14
0	526	849.0	14
0	548	852.0	14
1	597	855.0	14
0	632	858.0	14
0	663	861.0	14
2	726	864.0	14
0	730	867.0	14
0	749	870.0	14
0	847	873.0	14
0	896	876.0	14
1	864	879.0	14
0	884	882.0	14
0	1000	885.0	14
0	992	888.0	14
0	1019	891.0	14
0	957	894.0	14
0	926	897.0	14
0	951	900.0	14
0	966	903.0	14
0	1013	906.0	14
0	902	909.0	14
0	894	912.0	14
0	940	915.0	14
1	911	918.0	14
0	847	921.0	14
1	771	924.0	14
0	838	927.0	14
0	890	930.0	14
1	891	933.0	14
1	882	936.0	14
0	800	939.0	14
1	962	942.0	14
0	956	945.0	14
0	959	948.0	14
0	950	951.0	14
0	969	954.0	14
0	975	957.0	14
0	923	960.0	14
1	951	963.0	14
0	903	966.0	14
0	942	969.0	14
1	989	972.0	14
1	993	975.0	14
0	950	978.0	14
0	976	981.0	14
0	970	984.0	14
1	979	987.0	14
0	1045	990.0	14
0	1005	993.0	14
0	956	996.0	14
0	1021	999.0	14
0	1088	1002.0	14
0	1082	1005.0	14
1	1069	1008.0	14
0	1019	1011.0	14
0	1020	1014.0	14
0	1031	1017.0	14
1	1070	1020.0	14
1	925	1023.0	14
0	990	1026.0	14
0	985	1029.0	14
0	1112	1032.0	14
0	1017	1035.0	14
0	1061	1038.0	14
0	1028	1041.0	14
0	1017	1044.0	14
0	1066	1047.0	14
1	1064	1050.0	14
0	0	753.0	15
0	0	756.0	15
0	0	759.0	15
0	2	762.0	15
2	0	765.0	15
0	1	768.0	15
0	0	771.0	15
0	2	774.0	15
0	2	777.0	15
0	3	780.0	15
0	7	783.0	15
0	15	786.0	15
0	24	789.0	15
0	31	792.0	15
0	74	795.0	15
0	80	798.0	15
0	110	801.0	15
1	163	804.0	15
1	216	807.0	15
0	218	810.0	15
0	237	813.0	15
1	305	816.0	15
0	290	819.0	15
0	317	822.0	15
0	321	825.0	15
0	277	828.0	15
0	351	831.0	15
0	323	834.0	15
0	376	837.0	15
0	445	840.0	15
0	526	843.0	15
0	513	846.0	15
0	500	849.0	15
1	619	852.0	15
0	619	855.0	15
0	684	858.0	15
0	635	861.0	15
1	690	864.0	15
0	733	867.0	15
0	702	870.0	15
1	733	873.0	15
0	704	876.0	15
0	786	879.0	15
0	869	882.0	15
0	949	885.0	15
1	962	888.0	15
0	880	891.0	15
0	958	894.0	15
1	876	897.0	15
1	1019	900.0	15
0	999	903.0	15
0	906	906.0	15
0	925	909.0	15
1	991	912.0	15
0	932	915.0	15
0	948	918.0	15
0	854	921.0	15
0	843	924.0	15
0	853	927.0	15
1	791	930.0	15
0	898	933.0	15
0	983	936.0	15
1	979	939.0	15
0	982	942.0	15
0	986	945.0	15
0	937	948.0	15
0	906	951.0	15
0	892	954.0	15
0	909	957.0	15
0	885	960.0	15
0	880	963.0	15
0	879	966.0	15
0	869	969.0	15
1	978	972.0	15
0	1009	975.0	15
0	935	978.0	15
0	985	981.0	15
0	1000	984.0	15
1	1020	987.0	15
0	1031	990.0	15
0	1059	993.0	15
0	937	996.0	15
0	945	999.0	15
0	919	1002.0	15
2	941	1005.0	15
0	900	1008.0	15
0	957	1011.0	15
1	980	1014.0	15
0	1016	1017.0	15
0	1070	1020.0	15
0	1043	1023.0	15
1	1034	1026.0	15
0	967	1029.0	15
1	1016	1032.0	15
0	964	1035.0	15
0	916	1038.0	15
0	907	1041.0	15
0	971	1044.0	15
1	989	1047.0	15
1	904	1050.0	15
0	0	753.0	16
0	0	756.0	16
0	1	759.0	16
1	0	762.0	16
0	0	765.0	16
0	1	768.0	16
0	0	771.0	16
2	0	774.0	16
0	2	777.0	16
0	0	780.0	16
0	7	783.0	16
0	19	786.0	16
0	20	789.0	16
1	37	792.0	16
0	81	795.0	16
0	105	798.0	16
0	121	801.0	16
2	155	804.0	16
0	171	807.0	16
0	223	810.0	16
0	242	813.0	16
0	248	816.0	16
0	268	819.0	16
0	253	822.0	16
0	335	825.0	16
0	332	828.0	16
0	351	831.0	16
1	341	834.0	16
0	359	837.0	16
0	461	840.0	16
0	487	843.0	16
0	531	846.0	16
1	547	849.0	16
0	582	852.0	16
0	652	855.0	16
0	760	858.0	16
0	615	861.0	16
1	663	864.0	16
2	828	867.0	16
0	709	870.0	16
2	792	873.0	16
0	860	876.0	16
1	964	879.0	16
0	857	882.0	16
0	849	885.0	16
0	969	888.0	16
1	984	891.0	16
0	965	894.0	16
0	897	897.0	16
1	961	900.0	16
0	892	903.0	16
0	893	906.0	16
0	880	909.0	16
0	847	912.0	16
0	872	915.0	16
0	885	918.0	16
0	864	921.0	16
0	904	924.0	16
0	872	927.0	16
0	917	930.0	16
0	939	933.0	16
0	919	936.0	16
0	1012	939.0	16
1	973	942.0	16
0	945	945.0	16
1	964	948.0	16
0	937	951.0	16
1	916	954.0	16
0	943	957.0	16
0	966	960.0	16
0	1025	963.0	16
0	929	966.0	16
1	861	969.0	16
0	938	972.0	16
1	952	975.0	16
0	914	978.0	16
0	969	981.0	16
0	1064	984.0	16
0	907	987.0	16
1	1027	990.0	16
0	955	993.0	16
0	919	996.0	16
0	916	999.0	16
0	939	1002.0	16
0	1063	1005.0	16
0	894	1008.0	16
0	927	1011.0	16
0	991	1014.0	16
0	970	1017.0	16
0	902	1020.0	16
0	912	1023.0	16
0	943	1026.0	16
2	1068	1029.0	16
0	1049	1032.0	16
1	994	1035.0	16
0	967	1038.0	16
0	986	1041.0	16
0	958	1044.0	16
0	1094	1047.0	16
0	1111	1050.0	16
0	0	753.0	17
0	0	756.0	17
0	0	759.0	17
0	0	762.0	17
0	0	765.0	17
0	0	768.0	17
0	0	771.0	17
1	1	774.0	17
0	1	777.0	17
0	2	780.0	17
0	6	783.0	17
0	17	786.0	17
1	24	789.0	17
0	40	792.0	17
1	85	795.0	17
1	102	798.0	17
0	100	801.0	17
0	163	804.0	17
0	190	807.0	17
0	214	810.0	17
0	214	813.0	17
0	275	816.0	17
0	235	819.0	17
0	301	822.0	17
0	315	825.0	17
0	312	828.0	17
2	345	831.0	17
0	386	834.0	17
1	385	837.0	17
0	395	840.0	17
0	433	843.0	17
0	541	846.0	17
0	520	849.0	17
1	484	852.0	17
0	575	855.0	17
1	541	858.0	17
0	612	861.0	17
0	622	864.0	17
0	677	867.0	17
0	727	870.0	17
2	758	873.0	17
0	826	876.0	17
0	821	879.0	17
0	806	882.0	17
1	846	885.0	17
1	900	888.0	17
1	900	891.0	17
0	975	894.0	17
3	930	897.0	17
0	924	900.0	17
0	908	903.0	17
0	921	906.0	17
0	874	909.0	17
0	957	912.0	17
0	990	915.0	17
2	1080	918.0	17
0	885	921.0	17
0	946	924.0	17
0	997	927.0	17
0	994	930.0	17
1	1007	933.0	17
0	941	936.0	17
0	972	939.0	17
2	867	942.0	17
0	934	945.0	17
0	832	948.0	17
0	855	951.0	17
1	910	954.0	17
1	939	957.0	17
0	907	960.0	17
0	976	963.0	17
0	969	966.0	17
0	1048	969.0	17
0	896	972.0	17
0	800	975.0	17
1	896	978.0	17
0	964	981.0	17
0	893	984.0	17
2	968	987.0	17
1	913	990.0	17
0	1024	993.0	17
0	888	996.0	17
0	905	999.0	17
1	982	1002.0	17
1	1008	1005.0	17
0	880	1008.0	17
0	915	1011.0	17
0	961	1014.0	17
1	931	1017.0	17
1	975	1020.0	17
0	1005	1023.0	17
0	1076	1026.0	17
0	1056	1029.0	17
0	1020	1032.0	17
0	1050	1035.0	17
0	939	1038.0	17
0	960	1041.0	17
0	968	1044.0	17
0	1000	1047.0	17
1	960	1050.0	17
0	1	753.0	18
0	0	756.0	18
1	0	759.0	18
0	0	762.0	18
0	0	765.0	18
0	1	768.0	18
0	1	771.0	18
0	1	774.0	18
1	1	777.0	18
0	2	780.0	18
0	7	783.0	18
0	18	786.0	18
0	23	789.0	18
1	39	792.0	18
0	80	795.0	18
0	90	798.0	18
0	98	801.0	18
0	139	804.0	18
0	219	807.0	18
0	240	810.0	18
1	235	813.0	18
0	295	816.0	18
0	289	819.0	18
0	269	822.0	18
1	324	825.0	18
0	359	828.0	18
1	358	831.0	18
0	356	834.0	18
0	392	837.0	18
0	425	840.0	18
0	496	843.0	18
1	506	846.0	18
0	465	849.0	18
0	557	852.0	18
0	616	855.0	18
0	636	858.0	18
0	678	861.0	18
0	687	864.0	18
0	659	867.0	18
0	742	870.0	18
0	819	873.0	18
0	847	876.0	18
0	896	879.0	18
0	983	882.0	18
0	940	885.0	18
0	963	888.0	18
0	974	891.0	18
0	937	894.0	18
0	899	897.0	18
0	978	900.0	18
0	904	903.0	18
0	876	906.0	18
1	865	909.0	18
0	977	912.0	18
0	1007	915.0	18
0	987	918.0	18
0	963	921.0	18
0	1021	924.0	18
0	970	927.0	18
0	943	930.0	18
0	881	933.0	18
1	814	936.0	18
0	898	939.0	18
0	941	942.0	18
0	788	945.0	18
0	890	948.0	18
0	978	951.0	18
0	960	954.0	18
0	860	957.0	18
0	936	960.0	18
0	956	963.0	18
0	975	966.0	18
0	900	969.0	18
0	931	972.0	18
1	880	975.0	18
0	950	978.0	18
0	901	981.0	18
0	947	984.0	18
0	901	987.0	18
0	963	990.0	18
0	1011	993.0	18
0	945	996.0	18
1	924	999.0	18
0	1007	1002.0	18
1	1024	1005.0	18
1	1047	1008.0	18
0	987	1011.0	18
0	983	1014.0	18
1	979	1017.0	18
0	1077	1020.0	18
1	1049	1023.0	18
0	1049	1026.0	18
0	1012	1029.0	18
0	1055	1032.0	18
1	1211	1035.0	18
0	1057	1038.0	18
2	1031	1041.0	18
0	1016	1044.0	18
0	965	1047.0	18
0	988	1050.0	18
0	0	753.0	19
0	0	756.0	19
1	0	759.0	19
0	0	762.0	19
0	1	765.0	19
0	0	768.0	19
0	0	771.0	19
0	1	774.0	19
0	0	777.0	19
0	1	780.0	19
0	9	783.0	19
0	16	786.0	19
0	21	789.0	19
0	37	792.0	19
0	74	795.0	19
0	112	798.0	19
1	113	801.0	19
0	176	804.0	19
0	181	807.0	19
0	213	810.0	19
0	243	813.0	19
0	299	816.0	19
2	318	819.0	19
0	280	822.0	19
0	318	825.0	19
0	347	828.0	19
0	365	831.0	19
1	397	834.0	19
0	399	837.0	19
0	401	840.0	19
0	501	843.0	19
1	556	846.0	19
2	559	849.0	19
1	587	852.0	19
0	580	855.0	19
0	591	858.0	19
0	649	861.0	19
0	685	864.0	19
0	673	867.0	19
0	743	870.0	19
0	743	873.0	19
0	775	876.0	19
1	876	879.0	19
0	1040	882.0	19
0	1011	885.0	19
1	938	888.0	19
1	949	891.0	19
0	881	894.0	19
0	871	897.0	19
0	851	900.0	19
0	870	903.0	19
0	985	906.0	19
1	909	909.0	19
0	928	912.0	19
0	869	915.0	19
0	869	918.0	19
0	862	921.0	19
0	898	924.0	19
0	951	927.0	19
1	991	930.0	19
0	917	933.0	19
0	921	936.0	19
0	899	939.0	19
0	857	942.0	19
0	986	945.0	19
1	936	948.0	19
0	884	951.0	19
1	898	954.0	19
1	902	957.0	19
0	884	960.0	19
0	1059	963.0	19
0	982	966.0	19
0	968	969.0	19
0	969	972.0	19
0	959	975.0	19
1	989	978.0	19
0	960	981.0	19
0	1048	984.0	19
0	992	987.0	19
1	962	990.0	19
1	902	993.0	19
0	947	996.0	19
0	1084	999.0	19
0	1031	1002.0	19
0	916	1005.0	19
0	909	1008.0	19
0	911	1011.0	19
0	974	1014.0	19
0	953	1017.0	19
0	1057	1020.0	19
0	1104	1023.0	19
0	1007	1026.0	19
0	995	1029.0	19
0	932	1032.0	19
1	945	1035.0	19
1	979	1038.0	19
0	1073	1041.0	19
1	1153	1044.0	19
0	1037	1047.0	19
0	1053	1050.0	19
