Experiment time:	2021-07-07 12:02:23	Scanning Mode:	Time Sweep
Total Loop:	10	Point per loop:	300
Signal	Reference	Time(ns)	Loop Num
3	18	10.0	0
0	3	20.0	0
0	13	30.0	0
0	24	40.0	0
0	27	50.0	0
0	11	60.0	0
2	23	70.0	0
0	25	80.0	0
2	13	90.0	0
1	13	100.0	0
1	19	110.0	0
1	34	120.0	0
1	1	130.0	0
1	4	140.0	0
1	24	150.0	0
0	33	160.0	0
1	30	170.0	0
0	3	180.0	0
0	18	190.0	0
1	34	200.0	0
0	13	210.0	0
0	26	220.0	0
0	30	230.0	0
1	30	240.0	0
0	35	250.0	0
1	26	260.0	0
0	22	270.0	0
0	28	280.0	0
0	22	290.0	0
0	28	300.0	0
0	24	310.0	0
0	26	320.0	0
1	31	330.0	0
0	29	340.0	0
0	32	350.0	0
1	26	360.0	0
0	22	370.0	0
0	21	380.0	0
1	22	390.0	0
1	31	400.0	0
0	20	410.0	0
0	33	420.0	0
0	34	430.0	0
0	34	440.0	0
0	30	450.0	0
0	23	460.0	0
1	31	470.0	0
0	23	480.0	0
1	33	490.0	0
0	31	500.0	0
0	27	510.0	0
0	22	520.0	0
1	29	530.0	0
1	28	540.0	0
0	28	550.0	0
1	31	560.0	0
0	33	570.0	0
1	28	580.0	0
1	24	590.0	0
0	23	600.0	0
0	31	610.0	0
0	31	620.0	0
1	22	630.0	0
2	25	640.0	0
1	23	650.0	0
0	31	660.0	0
0	31	670.0	0
1	29	680.0	0
0	21	690.0	0
0	27	700.0	0
0	32	710.0	0
1	20	720.0	0
0	36	730.0	0
1	38	740.0	0
1	26	750.0	0
0	45	760.0	0
0	35	770.0	0
1	64	780.0	0
0	75	790.0	0
1	74	800.0	0
0	116	810.0	0
1	316	820.0	0
0	689	830.0	0
0	1092	840.0	0
1	1278	850.0	0
2	1348	860.0	0
0	1275	870.0	0
1	1355	880.0	0
0	1372	890.0	0
1	1279	900.0	0
1	1377	910.0	0
1	1225	920.0	0
0	1288	930.0	0
0	1260	940.0	0
1	1327	950.0	0
0	1309	960.0	0
0	1316	970.0	0
0	1334	980.0	0
0	1333	990.0	0
1	1280	1000.0	0
0	1477	1010.0	0
0	1420	1020.0	0
0	1376	1030.0	0
1	1285	1040.0	0
0	1388	1050.0	0
0	1320	1060.0	0
3	1341	1070.0	0
1	1364	1080.0	0
1	1298	1090.0	0
2	1382	1100.0	0
2	1353	1110.0	0
0	1353	1120.0	0
1	1216	1130.0	0
0	1241	1140.0	0
0	1328	1150.0	0
1	1288	1160.0	0
1	1311	1170.0	0
0	1376	1180.0	0
0	1405	1190.0	0
0	1271	1200.0	0
1	1238	1210.0	0
1	1395	1220.0	0
2	1190	1230.0	0
1	1174	1240.0	0
0	1349	1250.0	0
0	1297	1260.0	0
0	1273	1270.0	0
0	1270	1280.0	0
0	1351	1290.0	0
1	1447	1300.0	0
0	1266	1310.0	0
0	1297	1320.0	0
0	1311	1330.0	0
1	1347	1340.0	0
1	1211	1350.0	0
1	1190	1360.0	0
0	1263	1370.0	0
1	1224	1380.0	0
0	1351	1390.0	0
1	1273	1400.0	0
0	1307	1410.0	0
0	1325	1420.0	0
0	1308	1430.0	0
0	1183	1440.0	0
0	1151	1450.0	0
0	1253	1460.0	0
0	1270	1470.0	0
0	1355	1480.0	0
0	1318	1490.0	0
1	1291	1500.0	0
1	1411	1510.0	0
1	1233	1520.0	0
0	1242	1530.0	0
1	1372	1540.0	0
0	1307	1550.0	0
0	1308	1560.0	0
2	1177	1570.0	0
0	1199	1580.0	0
1	1169	1590.0	0
0	1226	1600.0	0
0	1306	1610.0	0
1	1311	1620.0	0
0	1306	1630.0	0
0	1266	1640.0	0
0	1277	1650.0	0
0	1314	1660.0	0
1	1194	1670.0	0
1	1267	1680.0	0
2	1250	1690.0	0
0	1265	1700.0	0
0	1179	1710.0	0
0	1232	1720.0	0
2	1362	1730.0	0
1	1243	1740.0	0
0	1280	1750.0	0
0	1299	1760.0	0
0	1294	1770.0	0
2	1373	1780.0	0
1	1297	1790.0	0
0	1295	1800.0	0
0	1314	1810.0	0
2	1239	1820.0	0
1	1356	1830.0	0
0	1361	1840.0	0
0	1275	1850.0	0
0	1266	1860.0	0
0	1218	1870.0	0
2	1308	1880.0	0
0	1362	1890.0	0
0	1381	1900.0	0
0	1326	1910.0	0
0	1346	1920.0	0
0	1224	1930.0	0
0	1279	1940.0	0
1	1221	1950.0	0
2	1264	1960.0	0
1	1282	1970.0	0
0	1218	1980.0	0
1	1427	1990.0	0
0	1246	2000.0	0
0	1267	2010.0	0
2	1300	2020.0	0
1	1225	2030.0	0
0	1285	2040.0	0
0	1359	2050.0	0
0	1165	2060.0	0
0	1233	2070.0	0
0	1393	2080.0	0
2	1281	2090.0	0
2	1293	2100.0	0
0	1290	2110.0	0
1	1204	2120.0	0
0	1214	2130.0	0
1	1255	2140.0	0
1	1263	2150.0	0
0	1360	2160.0	0
1	1209	2170.0	0
1	1343	2180.0	0
0	1274	2190.0	0
1	1242	2200.0	0
1	1306	2210.0	0
0	1154	2220.0	0
1	1179	2230.0	0
0	1347	2240.0	0
1	1272	2250.0	0
2	1251	2260.0	0
0	1312	2270.0	0
0	1350	2280.0	0
0	1282	2290.0	0
1	1199	2300.0	0
0	1285	2310.0	0
0	1284	2320.0	0
0	1343	2330.0	0
0	1309	2340.0	0
0	1213	2350.0	0
1	1209	2360.0	0
0	1254	2370.0	0
3	1274	2380.0	0
1	1323	2390.0	0
1	1635	2400.0	0
0	1549	2410.0	0
0	1467	2420.0	0
0	1571	2430.0	0
1	1635	2440.0	0
2	1584	2450.0	0
0	1430	2460.0	0
0	1578	2470.0	0
1	1558	2480.0	0
0	1620	2490.0	0
1	1582	2500.0	0
2	1594	2510.0	0
0	1506	2520.0	0
0	1536	2530.0	0
1	1494	2540.0	0
0	1563	2550.0	0
0	1421	2560.0	0
1	1657	2570.0	0
0	1627	2580.0	0
0	1647	2590.0	0
0	1561	2600.0	0
0	1563	2610.0	0
0	1495	2620.0	0
1	1549	2630.0	0
0	1411	2640.0	0
1	1483	2650.0	0
0	1507	2660.0	0
0	1571	2670.0	0
0	1512	2680.0	0
2	1535	2690.0	0
0	1531	2700.0	0
0	1522	2710.0	0
0	1465	2720.0	0
0	1522	2730.0	0
0	1587	2740.0	0
0	1210	2750.0	0
0	1200	2760.0	0
0	1244	2770.0	0
0	1230	2780.0	0
0	1214	2790.0	0
0	1203	2800.0	0
1	1163	2810.0	0
0	1002	2820.0	0
0	522	2830.0	0
0	191	2840.0	0
0	60	2850.0	0
0	35	2860.0	0
0	27	2870.0	0
0	32	2880.0	0
0	24	2890.0	0
0	31	2900.0	0
0	46	2910.0	0
0	35	2920.0	0
0	25	2930.0	0
0	22	2940.0	0
0	33	2950.0	0
0	33	2960.0	0
2	24	2970.0	0
2	27	2980.0	0
0	31	2990.0	0
0	31	3000.0	0
2	21	10.0	1
2	4	20.0	1
2	14	30.0	1
1	29	40.0	1
1	30	50.0	1
1	16	60.0	1
0	23	70.0	1
0	7	80.0	1
0	14	90.0	1
0	11	100.0	1
1	12	110.0	1
0	36	120.0	1
2	0	130.0	1
1	4	140.0	1
0	30	150.0	1
1	28	160.0	1
2	27	170.0	1
0	1	180.0	1
2	10	190.0	1
0	32	200.0	1
0	17	210.0	1
1	24	220.0	1
0	35	230.0	1
1	27	240.0	1
0	33	250.0	1
0	31	260.0	1
0	27	270.0	1
1	28	280.0	1
1	26	290.0	1
0	19	300.0	1
1	25	310.0	1
1	30	320.0	1
0	22	330.0	1
3	37	340.0	1
0	23	350.0	1
0	32	360.0	1
1	32	370.0	1
0	27	380.0	1
2	17	390.0	1
0	27	400.0	1
0	32	410.0	1
0	22	420.0	1
1	32	430.0	1
0	25	440.0	1
0	32	450.0	1
0	23	460.0	1
0	20	470.0	1
0	23	480.0	1
0	26	490.0	1
2	25	500.0	1
0	25	510.0	1
2	36	520.0	1
0	27	530.0	1
0	24	540.0	1
1	23	550.0	1
0	22	560.0	1
1	26	570.0	1
0	26	580.0	1
0	23	590.0	1
0	36	600.0	1
0	25	610.0	1
0	20	620.0	1
0	35	630.0	1
0	18	640.0	1
0	26	650.0	1
0	32	660.0	1
1	27	670.0	1
0	20	680.0	1
0	18	690.0	1
1	33	700.0	1
0	25	710.0	1
0	23	720.0	1
1	29	730.0	1
0	23	740.0	1
0	24	750.0	1
2	26	760.0	1
0	45	770.0	1
0	57	780.0	1
1	63	790.0	1
1	62	800.0	1
1	97	810.0	1
0	266	820.0	1
1	726	830.0	1
0	1097	840.0	1
0	1242	850.0	1
0	1311	860.0	1
1	1230	870.0	1
0	1329	880.0	1
1	1341	890.0	1
0	1172	900.0	1
1	1356	910.0	1
0	1346	920.0	1
0	1300	930.0	1
2	1308	940.0	1
1	1396	950.0	1
1	1237	960.0	1
0	1221	970.0	1
1	1419	980.0	1
1	1337	990.0	1
2	1301	1000.0	1
0	1262	1010.0	1
1	1290	1020.0	1
2	1277	1030.0	1
1	1325	1040.0	1
1	1296	1050.0	1
0	1319	1060.0	1
1	1329	1070.0	1
0	1324	1080.0	1
1	1244	1090.0	1
0	1340	1100.0	1
0	1326	1110.0	1
1	1439	1120.0	1
0	1294	1130.0	1
0	1352	1140.0	1
0	1225	1150.0	1
0	1248	1160.0	1
0	1226	1170.0	1
0	1308	1180.0	1
0	1316	1190.0	1
0	1282	1200.0	1
0	1229	1210.0	1
0	1248	1220.0	1
1	1363	1230.0	1
0	1302	1240.0	1
3	1237	1250.0	1
0	1239	1260.0	1
1	1248	1270.0	1
0	1216	1280.0	1
0	1304	1290.0	1
1	1355	1300.0	1
0	1292	1310.0	1
0	1271	1320.0	1
0	1242	1330.0	1
0	1265	1340.0	1
0	1353	1350.0	1
0	1240	1360.0	1
2	1238	1370.0	1
1	1223	1380.0	1
1	1276	1390.0	1
2	1317	1400.0	1
1	1176	1410.0	1
0	1152	1420.0	1
1	1254	1430.0	1
2	1254	1440.0	1
0	1302	1450.0	1
0	1272	1460.0	1
0	1349	1470.0	1
0	1220	1480.0	1
0	1164	1490.0	1
0	1253	1500.0	1
0	1255	1510.0	1
0	1274	1520.0	1
0	1293	1530.0	1
0	1275	1540.0	1
0	1225	1550.0	1
2	1373	1560.0	1
1	1342	1570.0	1
1	1316	1580.0	1
0	1243	1590.0	1
0	1230	1600.0	1
1	1255	1610.0	1
0	1201	1620.0	1
0	1313	1630.0	1
1	1311	1640.0	1
1	1349	1650.0	1
1	1338	1660.0	1
1	1285	1670.0	1
0	1265	1680.0	1
0	1264	1690.0	1
1	1263	1700.0	1
0	1297	1710.0	1
2	1320	1720.0	1
0	1090	1730.0	1
0	1227	1740.0	1
1	1141	1750.0	1
0	1360	1760.0	1
1	1199	1770.0	1
0	1237	1780.0	1
1	1253	1790.0	1
0	1241	1800.0	1
0	1352	1810.0	1
2	1295	1820.0	1
1	1349	1830.0	1
0	1211	1840.0	1
1	1247	1850.0	1
0	1130	1860.0	1
0	1255	1870.0	1
0	1109	1880.0	1
1	1265	1890.0	1
0	1173	1900.0	1
1	1314	1910.0	1
0	1206	1920.0	1
1	1199	1930.0	1
0	1279	1940.0	1
0	1176	1950.0	1
1	1221	1960.0	1
0	1278	1970.0	1
1	1186	1980.0	1
0	1256	1990.0	1
0	1272	2000.0	1
0	1269	2010.0	1
0	1352	2020.0	1
1	1240	2030.0	1
3	1315	2040.0	1
1	1277	2050.0	1
0	1320	2060.0	1
0	1293	2070.0	1
1	1268	2080.0	1
1	1221	2090.0	1
1	1178	2100.0	1
0	1298	2110.0	1
1	1312	2120.0	1
0	1345	2130.0	1
0	1259	2140.0	1
0	1325	2150.0	1
0	1303	2160.0	1
1	1338	2170.0	1
0	1275	2180.0	1
0	1443	2190.0	1
0	1216	2200.0	1
1	1274	2210.0	1
0	1357	2220.0	1
1	1244	2230.0	1
0	1301	2240.0	1
1	1274	2250.0	1
0	1243	2260.0	1
1	1280	2270.0	1
0	1202	2280.0	1
1	1293	2290.0	1
0	1294	2300.0	1
0	1241	2310.0	1
0	1271	2320.0	1
0	1311	2330.0	1
0	1260	2340.0	1
2	1232	2350.0	1
0	1231	2360.0	1
0	1296	2370.0	1
1	1257	2380.0	1
1	1339	2390.0	1
1	1536	2400.0	1
0	1502	2410.0	1
1	1515	2420.0	1
1	1593	2430.0	1
0	1475	2440.0	1
0	1527	2450.0	1
0	1525	2460.0	1
0	1511	2470.0	1
1	1520	2480.0	1
0	1517	2490.0	1
2	1530	2500.0	1
0	1657	2510.0	1
1	1480	2520.0	1
0	1475	2530.0	1
1	1509	2540.0	1
1	1664	2550.0	1
0	1568	2560.0	1
1	1474	2570.0	1
0	1459	2580.0	1
1	1502	2590.0	1
1	1556	2600.0	1
0	1529	2610.0	1
0	1571	2620.0	1
1	1650	2630.0	1
0	1507	2640.0	1
0	1559	2650.0	1
0	1446	2660.0	1
0	1630	2670.0	1
1	1612	2680.0	1
2	1598	2690.0	1
0	1586	2700.0	1
1	1496	2710.0	1
1	1572	2720.0	1
0	1738	2730.0	1
0	1579	2740.0	1
2	1355	2750.0	1
1	1190	2760.0	1
0	1146	2770.0	1
0	1195	2780.0	1
2	1193	2790.0	1
1	1188	2800.0	1
0	1254	2810.0	1
1	941	2820.0	1
1	533	2830.0	1
0	154	2840.0	1
0	61	2850.0	1
0	38	2860.0	1
2	23	2870.0	1
1	30	2880.0	1
0	33	2890.0	1
1	24	2900.0	1
0	35	2910.0	1
0	35	2920.0	1
0	36	2930.0	1
0	36	2940.0	1
1	44	2950.0	1
0	31	2960.0	1
1	40	2970.0	1
2	36	2980.0	1
0	34	2990.0	1
0	33	3000.0	1
1	14	10.0	2
0	3	20.0	2
0	16	30.0	2
1	27	40.0	2
0	40	50.0	2
0	17	60.0	2
1	16	70.0	2
1	10	80.0	2
1	14	90.0	2
0	12	100.0	2
0	6	110.0	2
0	32	120.0	2
0	1	130.0	2
1	5	140.0	2
1	19	150.0	2
1	28	160.0	2
0	25	170.0	2
0	1	180.0	2
0	17	190.0	2
0	28	200.0	2
0	14	210.0	2
1	29	220.0	2
0	39	230.0	2
0	19	240.0	2
0	31	250.0	2
0	27	260.0	2
0	15	270.0	2
0	29	280.0	2
1	19	290.0	2
0	14	300.0	2
0	26	310.0	2
0	23	320.0	2
1	22	330.0	2
1	34	340.0	2
0	26	350.0	2
0	14	360.0	2
1	25	370.0	2
1	21	380.0	2
0	22	390.0	2
2	22	400.0	2
0	28	410.0	2
0	25	420.0	2
0	16	430.0	2
0	36	440.0	2
0	24	450.0	2
2	24	460.0	2
0	37	470.0	2
0	26	480.0	2
0	18	490.0	2
0	21	500.0	2
0	22	510.0	2
1	25	520.0	2
0	23	530.0	2
2	26	540.0	2
1	26	550.0	2
0	22	560.0	2
0	22	570.0	2
0	31	580.0	2
0	22	590.0	2
0	26	600.0	2
0	32	610.0	2
0	33	620.0	2
0	23	630.0	2
1	27	640.0	2
1	32	650.0	2
0	26	660.0	2
2	28	670.0	2
0	20	680.0	2
0	24	690.0	2
0	21	700.0	2
2	32	710.0	2
0	32	720.0	2
2	32	730.0	2
0	21	740.0	2
1	29	750.0	2
0	21	760.0	2
1	50	770.0	2
0	74	780.0	2
0	70	790.0	2
2	59	800.0	2
0	117	810.0	2
1	299	820.0	2
0	704	830.0	2
0	1128	840.0	2
0	1384	850.0	2
0	1311	860.0	2
0	1290	870.0	2
1	1464	880.0	2
0	1378	890.0	2
1	1378	900.0	2
0	1432	910.0	2
1	1350	920.0	2
1	1345	930.0	2
0	1402	940.0	2
0	1250	950.0	2
0	1290	960.0	2
0	1363	970.0	2
1	1240	980.0	2
0	1291	990.0	2
0	1129	1000.0	2
0	1238	1010.0	2
0	1274	1020.0	2
0	1359	1030.0	2
2	1212	1040.0	2
1	1196	1050.0	2
0	1326	1060.0	2
2	1272	1070.0	2
0	1179	1080.0	2
1	1200	1090.0	2
0	1300	1100.0	2
0	1239	1110.0	2
0	1238	1120.0	2
1	1246	1130.0	2
1	1207	1140.0	2
1	1310	1150.0	2
0	1368	1160.0	2
0	1152	1170.0	2
1	1379	1180.0	2
1	1224	1190.0	2
1	1287	1200.0	2
1	1234	1210.0	2
0	1293	1220.0	2
2	1281	1230.0	2
1	1228	1240.0	2
1	1310	1250.0	2
1	1307	1260.0	2
0	1262	1270.0	2
0	1305	1280.0	2
0	1271	1290.0	2
0	1328	1300.0	2
0	1376	1310.0	2
0	1353	1320.0	2
0	1311	1330.0	2
2	1353	1340.0	2
0	1317	1350.0	2
1	1274	1360.0	2
0	1248	1370.0	2
1	1244	1380.0	2
0	1212	1390.0	2
0	1193	1400.0	2
1	1226	1410.0	2
2	1208	1420.0	2
1	1304	1430.0	2
0	1280	1440.0	2
0	1338	1450.0	2
0	1243	1460.0	2
0	1364	1470.0	2
1	1180	1480.0	2
1	1269	1490.0	2
1	1244	1500.0	2
0	1279	1510.0	2
0	1266	1520.0	2
1	1345	1530.0	2
0	1222	1540.0	2
1	1263	1550.0	2
1	1304	1560.0	2
1	1283	1570.0	2
0	1293	1580.0	2
1	1218	1590.0	2
0	1332	1600.0	2
0	1330	1610.0	2
0	1345	1620.0	2
0	1300	1630.0	2
0	1313	1640.0	2
0	1278	1650.0	2
1	1302	1660.0	2
0	1217	1670.0	2
0	1284	1680.0	2
0	1226	1690.0	2
0	1306	1700.0	2
0	1311	1710.0	2
0	1369	1720.0	2
3	1203	1730.0	2
0	1298	1740.0	2
1	1305	1750.0	2
0	1281	1760.0	2
0	1286	1770.0	2
0	1266	1780.0	2
0	1315	1790.0	2
0	1272	1800.0	2
0	1263	1810.0	2
0	1342	1820.0	2
1	1240	1830.0	2
1	1188	1840.0	2
0	1283	1850.0	2
0	1323	1860.0	2
0	1225	1870.0	2
1	1304	1880.0	2
0	1259	1890.0	2
1	1185	1900.0	2
0	1248	1910.0	2
1	1217	1920.0	2
1	1249	1930.0	2
0	1162	1940.0	2
0	1318	1950.0	2
0	1308	1960.0	2
1	1266	1970.0	2
1	1193	1980.0	2
0	1166	1990.0	2
1	1307	2000.0	2
1	1211	2010.0	2
1	1223	2020.0	2
0	1188	2030.0	2
0	1211	2040.0	2
0	1198	2050.0	2
0	1133	2060.0	2
0	1319	2070.0	2
2	1161	2080.0	2
0	1206	2090.0	2
1	1247	2100.0	2
0	1319	2110.0	2
0	1295	2120.0	2
1	1203	2130.0	2
1	1291	2140.0	2
0	1306	2150.0	2
1	1275	2160.0	2
1	1299	2170.0	2
1	1184	2180.0	2
0	1373	2190.0	2
1	1264	2200.0	2
0	1158	2210.0	2
0	1184	2220.0	2
0	1247	2230.0	2
0	1306	2240.0	2
0	1103	2250.0	2
1	1165	2260.0	2
0	1203	2270.0	2
0	1227	2280.0	2
0	1274	2290.0	2
0	1235	2300.0	2
0	1279	2310.0	2
0	1271	2320.0	2
0	1275	2330.0	2
0	1250	2340.0	2
1	1274	2350.0	2
1	1396	2360.0	2
1	1200	2370.0	2
0	1303	2380.0	2
1	1350	2390.0	2
0	1596	2400.0	2
0	1445	2410.0	2
1	1458	2420.0	2
0	1496	2430.0	2
2	1591	2440.0	2
0	1435	2450.0	2
0	1507	2460.0	2
2	1597	2470.0	2
0	1438	2480.0	2
0	1571	2490.0	2
0	1584	2500.0	2
1	1557	2510.0	2
1	1556	2520.0	2
1	1547	2530.0	2
0	1484	2540.0	2
1	1542	2550.0	2
0	1511	2560.0	2
2	1540	2570.0	2
0	1622	2580.0	2
0	1545	2590.0	2
0	1579	2600.0	2
1	1521	2610.0	2
0	1515	2620.0	2
0	1567	2630.0	2
0	1581	2640.0	2
0	1612	2650.0	2
1	1645	2660.0	2
0	1667	2670.0	2
1	1633	2680.0	2
1	1605	2690.0	2
1	1717	2700.0	2
0	1546	2710.0	2
1	1509	2720.0	2
2	1630	2730.0	2
3	1432	2740.0	2
2	1222	2750.0	2
1	1291	2760.0	2
1	1236	2770.0	2
0	1239	2780.0	2
0	1213	2790.0	2
2	1154	2800.0	2
0	1190	2810.0	2
0	1015	2820.0	2
0	547	2830.0	2
1	150	2840.0	2
2	55	2850.0	2
0	36	2860.0	2
0	27	2870.0	2
0	29	2880.0	2
1	30	2890.0	2
0	33	2900.0	2
1	40	2910.0	2
3	24	2920.0	2
0	21	2930.0	2
0	28	2940.0	2
1	22	2950.0	2
0	29	2960.0	2
1	23	2970.0	2
0	28	2980.0	2
0	31	2990.0	2
0	34	3000.0	2
1	19	10.0	3
0	1	20.0	3
0	14	30.0	3
0	31	40.0	3
0	35	50.0	3
1	18	60.0	3
0	22	70.0	3
0	21	80.0	3
0	15	90.0	3
0	9	100.0	3
0	19	110.0	3
1	37	120.0	3
0	0	130.0	3
1	6	140.0	3
1	20	150.0	3
1	27	160.0	3
0	25	170.0	3
1	2	180.0	3
0	14	190.0	3
0	31	200.0	3
1	18	210.0	3
0	18	220.0	3
0	25	230.0	3
0	25	240.0	3
0	25	250.0	3
0	36	260.0	3
1	24	270.0	3
0	20	280.0	3
0	42	290.0	3
1	31	300.0	3
0	24	310.0	3
0	31	320.0	3
0	31	330.0	3
1	32	340.0	3
1	34	350.0	3
0	25	360.0	3
1	41	370.0	3
0	29	380.0	3
0	26	390.0	3
1	34	400.0	3
0	35	410.0	3
1	23	420.0	3
1	22	430.0	3
0	29	440.0	3
1	30	450.0	3
0	35	460.0	3
1	23	470.0	3
1	28	480.0	3
1	24	490.0	3
0	37	500.0	3
0	30	510.0	3
1	23	520.0	3
0	21	530.0	3
1	27	540.0	3
0	16	550.0	3
0	26	560.0	3
0	24	570.0	3
0	26	580.0	3
0	22	590.0	3
0	21	600.0	3
1	37	610.0	3
0	27	620.0	3
2	30	630.0	3
0	35	640.0	3
1	23	650.0	3
1	29	660.0	3
0	17	670.0	3
0	15	680.0	3
3	38	690.0	3
2	25	700.0	3
2	30	710.0	3
0	27	720.0	3
0	23	730.0	3
0	32	740.0	3
0	28	750.0	3
1	28	760.0	3
1	45	770.0	3
0	51	780.0	3
0	65	790.0	3
0	61	800.0	3
0	111	810.0	3
0	278	820.0	3
2	678	830.0	3
1	1017	840.0	3
0	1301	850.0	3
1	1358	860.0	3
0	1306	870.0	3
1	1280	880.0	3
0	1360	890.0	3
3	1301	900.0	3
1	1304	910.0	3
0	1257	920.0	3
0	1437	930.0	3
0	1365	940.0	3
1	1315	950.0	3
0	1323	960.0	3
0	1218	970.0	3
1	1199	980.0	3
1	1270	990.0	3
0	1361	1000.0	3
0	1245	1010.0	3
0	1242	1020.0	3
0	1200	1030.0	3
0	1310	1040.0	3
0	1246	1050.0	3
0	1332	1060.0	3
0	1355	1070.0	3
0	1195	1080.0	3
0	1282	1090.0	3
0	1363	1100.0	3
1	1302	1110.0	3
1	1234	1120.0	3
0	1206	1130.0	3
0	1224	1140.0	3
1	1291	1150.0	3
0	1303	1160.0	3
0	1246	1170.0	3
0	1345	1180.0	3
1	1262	1190.0	3
0	1215	1200.0	3
1	1283	1210.0	3
0	1291	1220.0	3
0	1234	1230.0	3
0	1270	1240.0	3
0	1232	1250.0	3
0	1283	1260.0	3
2	1223	1270.0	3
0	1156	1280.0	3
0	1283	1290.0	3
1	1214	1300.0	3
0	1277	1310.0	3
0	1295	1320.0	3
0	1268	1330.0	3
0	1286	1340.0	3
1	1244	1350.0	3
1	1330	1360.0	3
0	1187	1370.0	3
0	1358	1380.0	3
0	1255	1390.0	3
0	1255	1400.0	3
0	1260	1410.0	3
0	1264	1420.0	3
0	1283	1430.0	3
0	1167	1440.0	3
0	1300	1450.0	3
0	1302	1460.0	3
0	1168	1470.0	3
1	1267	1480.0	3
1	1336	1490.0	3
0	1243	1500.0	3
1	1200	1510.0	3
1	1220	1520.0	3
0	1334	1530.0	3
0	1223	1540.0	3
2	1282	1550.0	3
1	1246	1560.0	3
0	1235	1570.0	3
1	1332	1580.0	3
0	1295	1590.0	3
1	1244	1600.0	3
0	1226	1610.0	3
0	1263	1620.0	3
1	1259	1630.0	3
2	1207	1640.0	3
0	1206	1650.0	3
0	1278	1660.0	3
0	1353	1670.0	3
2	1216	1680.0	3
0	1176	1690.0	3
0	1266	1700.0	3
0	1257	1710.0	3
0	1304	1720.0	3
1	1296	1730.0	3
0	1258	1740.0	3
0	1271	1750.0	3
0	1282	1760.0	3
0	1265	1770.0	3
0	1265	1780.0	3
0	1293	1790.0	3
0	1225	1800.0	3
0	1250	1810.0	3
0	1305	1820.0	3
1	1243	1830.0	3
1	1258	1840.0	3
2	1178	1850.0	3
0	1340	1860.0	3
1	1273	1870.0	3
0	1272	1880.0	3
0	1374	1890.0	3
0	1322	1900.0	3
0	1252	1910.0	3
0	1230	1920.0	3
0	1315	1930.0	3
1	1288	1940.0	3
0	1370	1950.0	3
0	1239	1960.0	3
0	1281	1970.0	3
0	1301	1980.0	3
0	1276	1990.0	3
0	1239	2000.0	3
0	1278	2010.0	3
0	1260	2020.0	3
0	1293	2030.0	3
0	1253	2040.0	3
0	1248	2050.0	3
0	1208	2060.0	3
1	1222	2070.0	3
0	1238	2080.0	3
1	1306	2090.0	3
0	1257	2100.0	3
0	1320	2110.0	3
0	1287	2120.0	3
0	1364	2130.0	3
0	1249	2140.0	3
0	1302	2150.0	3
1	1183	2160.0	3
1	1202	2170.0	3
0	1248	2180.0	3
0	1180	2190.0	3
0	1235	2200.0	3
1	1192	2210.0	3
2	1296	2220.0	3
2	1292	2230.0	3
0	1349	2240.0	3
1	1288	2250.0	3
0	1271	2260.0	3
1	1423	2270.0	3
0	1286	2280.0	3
2	1291	2290.0	3
0	1224	2300.0	3
1	1262	2310.0	3
0	1288	2320.0	3
0	1221	2330.0	3
0	1324	2340.0	3
0	1217	2350.0	3
0	1287	2360.0	3
0	1224	2370.0	3
2	1262	2380.0	3
0	1286	2390.0	3
1	1518	2400.0	3
0	1408	2410.0	3
0	1385	2420.0	3
1	1542	2430.0	3
1	1493	2440.0	3
0	1498	2450.0	3
0	1495	2460.0	3
0	1474	2470.0	3
1	1571	2480.0	3
0	1605	2490.0	3
1	1459	2500.0	3
0	1522	2510.0	3
1	1461	2520.0	3
1	1596	2530.0	3
1	1382	2540.0	3
0	1498	2550.0	3
2	1662	2560.0	3
0	1544	2570.0	3
1	1708	2580.0	3
0	1554	2590.0	3
0	1419	2600.0	3
1	1565	2610.0	3
0	1471	2620.0	3
2	1571	2630.0	3
0	1542	2640.0	3
0	1508	2650.0	3
0	1416	2660.0	3
0	1606	2670.0	3
1	1582	2680.0	3
1	1578	2690.0	3
2	1446	2700.0	3
0	1577	2710.0	3
1	1519	2720.0	3
1	1622	2730.0	3
0	1537	2740.0	3
1	1214	2750.0	3
0	1226	2760.0	3
0	1278	2770.0	3
1	1211	2780.0	3
0	1161	2790.0	3
0	1222	2800.0	3
0	1321	2810.0	3
0	1000	2820.0	3
0	526	2830.0	3
0	157	2840.0	3
0	61	2850.0	3
0	42	2860.0	3
1	25	2870.0	3
0	22	2880.0	3
0	25	2890.0	3
1	24	2900.0	3
0	32	2910.0	3
0	23	2920.0	3
0	37	2930.0	3
0	29	2940.0	3
1	30	2950.0	3
0	27	2960.0	3
1	27	2970.0	3
1	30	2980.0	3
2	23	2990.0	3
0	28	3000.0	3
0	10	10.0	4
0	5	20.0	4
0	11	30.0	4
2	27	40.0	4
0	36	50.0	4
0	19	60.0	4
1	14	70.0	4
1	13	80.0	4
2	13	90.0	4
0	11	100.0	4
3	11	110.0	4
1	36	120.0	4
1	1	130.0	4
0	11	140.0	4
3	20	150.0	4
0	25	160.0	4
1	27	170.0	4
0	2	180.0	4
0	18	190.0	4
0	26	200.0	4
0	23	210.0	4
0	27	220.0	4
0	32	230.0	4
1	19	240.0	4
1	23	250.0	4
0	24	260.0	4
0	18	270.0	4
0	34	280.0	4
0	25	290.0	4
1	32	300.0	4
0	26	310.0	4
0	26	320.0	4
0	22	330.0	4
0	23	340.0	4
1	30	350.0	4
1	30	360.0	4
0	28	370.0	4
2	27	380.0	4
1	27	390.0	4
1	20	400.0	4
1	29	410.0	4
0	23	420.0	4
0	23	430.0	4
2	28	440.0	4
0	24	450.0	4
0	31	460.0	4
1	29	470.0	4
0	23	480.0	4
0	23	490.0	4
0	28	500.0	4
1	24	510.0	4
0	25	520.0	4
0	27	530.0	4
0	22	540.0	4
1	34	550.0	4
0	14	560.0	4
0	20	570.0	4
1	26	580.0	4
0	25	590.0	4
0	27	600.0	4
0	29	610.0	4
1	15	620.0	4
0	17	630.0	4
0	24	640.0	4
1	29	650.0	4
0	28	660.0	4
0	29	670.0	4
0	32	680.0	4
0	34	690.0	4
0	24	700.0	4
0	20	710.0	4
2	28	720.0	4
0	24	730.0	4
1	29	740.0	4
0	32	750.0	4
0	25	760.0	4
0	42	770.0	4
0	74	780.0	4
1	66	790.0	4
1	64	800.0	4
0	99	810.0	4
0	303	820.0	4
0	670	830.0	4
0	1060	840.0	4
1	1184	850.0	4
0	1275	860.0	4
1	1290	870.0	4
0	1284	880.0	4
0	1326	890.0	4
0	1260	900.0	4
0	1312	910.0	4
0	1234	920.0	4
0	1280	930.0	4
0	1332	940.0	4
1	1183	950.0	4
0	1249	960.0	4
0	1203	970.0	4
0	1291	980.0	4
0	1253	990.0	4
0	1234	1000.0	4
1	1220	1010.0	4
0	1222	1020.0	4
0	1399	1030.0	4
1	1278	1040.0	4
0	1081	1050.0	4
0	1213	1060.0	4
0	1268	1070.0	4
0	1271	1080.0	4
0	1243	1090.0	4
0	1258	1100.0	4
1	1310	1110.0	4
0	1261	1120.0	4
0	1275	1130.0	4
0	1286	1140.0	4
1	1249	1150.0	4
0	1273	1160.0	4
0	1361	1170.0	4
1	1272	1180.0	4
0	1339	1190.0	4
2	1306	1200.0	4
1	1348	1210.0	4
0	1291	1220.0	4
0	1288	1230.0	4
0	1342	1240.0	4
2	1258	1250.0	4
1	1385	1260.0	4
0	1255	1270.0	4
0	1165	1280.0	4
0	1318	1290.0	4
1	1204	1300.0	4
0	1272	1310.0	4
0	1277	1320.0	4
0	1256	1330.0	4
1	1287	1340.0	4
1	1183	1350.0	4
0	1066	1360.0	4
0	1221	1370.0	4
0	1253	1380.0	4
0	1272	1390.0	4
0	1247	1400.0	4
0	1298	1410.0	4
1	1294	1420.0	4
0	1227	1430.0	4
1	1253	1440.0	4
1	1216	1450.0	4
0	1204	1460.0	4
0	1228	1470.0	4
0	1210	1480.0	4
2	1222	1490.0	4
1	1220	1500.0	4
0	1221	1510.0	4
0	1305	1520.0	4
0	1275	1530.0	4
1	1384	1540.0	4
0	1273	1550.0	4
0	1319	1560.0	4
0	1272	1570.0	4
1	1153	1580.0	4
1	1380	1590.0	4
0	1259	1600.0	4
1	1298	1610.0	4
0	1185	1620.0	4
0	1260	1630.0	4
0	1312	1640.0	4
0	1196	1650.0	4
0	1162	1660.0	4
0	1312	1670.0	4
0	1372	1680.0	4
0	1183	1690.0	4
1	1312	1700.0	4
0	1234	1710.0	4
0	1249	1720.0	4
1	1200	1730.0	4
1	1190	1740.0	4
0	1326	1750.0	4
0	1223	1760.0	4
0	1222	1770.0	4
2	1243	1780.0	4
0	1310	1790.0	4
0	1287	1800.0	4
1	1315	1810.0	4
0	1277	1820.0	4
2	1333	1830.0	4
1	1259	1840.0	4
0	1243	1850.0	4
0	1222	1860.0	4
1	1216	1870.0	4
0	1204	1880.0	4
0	1285	1890.0	4
0	1306	1900.0	4
0	1357	1910.0	4
0	1301	1920.0	4
2	1333	1930.0	4
1	1218	1940.0	4
0	1247	1950.0	4
1	1202	1960.0	4
1	1299	1970.0	4
0	1240	1980.0	4
0	1160	1990.0	4
2	1181	2000.0	4
1	1221	2010.0	4
0	1377	2020.0	4
0	1193	2030.0	4
1	1172	2040.0	4
0	1273	2050.0	4
0	1340	2060.0	4
0	1218	2070.0	4
0	1270	2080.0	4
0	1187	2090.0	4
0	1203	2100.0	4
1	1133	2110.0	4
1	1295	2120.0	4
0	1198	2130.0	4
1	1121	2140.0	4
1	1264	2150.0	4
1	1359	2160.0	4
0	1194	2170.0	4
2	1246	2180.0	4
0	1289	2190.0	4
1	1323	2200.0	4
0	1358	2210.0	4
0	1445	2220.0	4
1	1300	2230.0	4
0	1212	2240.0	4
0	1246	2250.0	4
0	1203	2260.0	4
0	1249	2270.0	4
0	1309	2280.0	4
0	1284	2290.0	4
1	1278	2300.0	4
0	1305	2310.0	4
0	1203	2320.0	4
1	1168	2330.0	4
1	1259	2340.0	4
0	1286	2350.0	4
0	1290	2360.0	4
0	1328	2370.0	4
1	1210	2380.0	4
1	1317	2390.0	4
0	1513	2400.0	4
2	1417	2410.0	4
3	1531	2420.0	4
2	1680	2430.0	4
1	1466	2440.0	4
0	1532	2450.0	4
4	1430	2460.0	4
0	1557	2470.0	4
0	1452	2480.0	4
1	1424	2490.0	4
0	1446	2500.0	4
0	1410	2510.0	4
0	1537	2520.0	4
1	1547	2530.0	4
1	1437	2540.0	4
0	1527	2550.0	4
1	1458	2560.0	4
0	1598	2570.0	4
0	1615	2580.0	4
1	1484	2590.0	4
0	1558	2600.0	4
0	1536	2610.0	4
0	1555	2620.0	4
2	1464	2630.0	4
0	1528	2640.0	4
0	1457	2650.0	4
1	1600	2660.0	4
0	1517	2670.0	4
0	1493	2680.0	4
1	1568	2690.0	4
1	1521	2700.0	4
0	1630	2710.0	4
1	1528	2720.0	4
1	1547	2730.0	4
0	1610	2740.0	4
0	1213	2750.0	4
0	1209	2760.0	4
0	1191	2770.0	4
1	1300	2780.0	4
1	1253	2790.0	4
1	1277	2800.0	4
1	1274	2810.0	4
0	903	2820.0	4
1	525	2830.0	4
0	191	2840.0	4
0	60	2850.0	4
1	30	2860.0	4
1	36	2870.0	4
0	25	2880.0	4
2	29	2890.0	4
0	36	2900.0	4
0	32	2910.0	4
0	31	2920.0	4
0	36	2930.0	4
1	28	2940.0	4
0	37	2950.0	4
2	39	2960.0	4
0	32	2970.0	4
0	29	2980.0	4
1	29	2990.0	4
0	25	3000.0	4
0	17	10.0	5
0	4	20.0	5
0	18	30.0	5
0	33	40.0	5
0	37	50.0	5
2	18	60.0	5
2	18	70.0	5
0	22	80.0	5
1	15	90.0	5
0	8	100.0	5
0	11	110.0	5
0	30	120.0	5
0	1	130.0	5
1	4	140.0	5
0	19	150.0	5
0	27	160.0	5
0	22	170.0	5
1	2	180.0	5
0	10	190.0	5
1	28	200.0	5
0	13	210.0	5
0	21	220.0	5
1	28	230.0	5
0	21	240.0	5
0	21	250.0	5
1	26	260.0	5
1	30	270.0	5
0	34	280.0	5
0	18	290.0	5
0	27	300.0	5
1	32	310.0	5
0	25	320.0	5
0	28	330.0	5
0	30	340.0	5
0	30	350.0	5
0	25	360.0	5
1	23	370.0	5
0	28	380.0	5
0	28	390.0	5
0	30	400.0	5
0	32	410.0	5
0	22	420.0	5
0	16	430.0	5
0	26	440.0	5
0	28	450.0	5
0	29	460.0	5
1	37	470.0	5
0	29	480.0	5
0	33	490.0	5
0	23	500.0	5
0	29	510.0	5
1	23	520.0	5
2	35	530.0	5
2	22	540.0	5
0	25	550.0	5
2	23	560.0	5
2	33	570.0	5
0	17	580.0	5
0	33	590.0	5
0	24	600.0	5
0	26	610.0	5
0	25	620.0	5
0	29	630.0	5
1	26	640.0	5
0	29	650.0	5
0	37	660.0	5
0	31	670.0	5
0	10	680.0	5
1	26	690.0	5
0	24	700.0	5
0	32	710.0	5
0	24	720.0	5
0	25	730.0	5
0	26	740.0	5
2	31	750.0	5
0	25	760.0	5
0	42	770.0	5
1	56	780.0	5
1	52	790.0	5
1	88	800.0	5
1	102	810.0	5
0	262	820.0	5
0	659	830.0	5
0	1097	840.0	5
0	1376	850.0	5
1	1266	860.0	5
0	1285	870.0	5
0	1332	880.0	5
0	1357	890.0	5
0	1229	900.0	5
0	1255	910.0	5
0	1355	920.0	5
1	1298	930.0	5
0	1322	940.0	5
0	1327	950.0	5
0	1326	960.0	5
2	1269	970.0	5
0	1213	980.0	5
1	1319	990.0	5
0	1256	1000.0	5
0	1275	1010.0	5
1	1343	1020.0	5
0	1247	1030.0	5
0	1193	1040.0	5
0	1170	1050.0	5
0	1339	1060.0	5
1	1277	1070.0	5
1	1317	1080.0	5
0	1287	1090.0	5
0	1213	1100.0	5
0	1386	1110.0	5
0	1254	1120.0	5
2	1227	1130.0	5
0	1315	1140.0	5
0	1218	1150.0	5
0	1229	1160.0	5
0	1140	1170.0	5
0	1248	1180.0	5
0	1304	1190.0	5
0	1312	1200.0	5
0	1320	1210.0	5
2	1243	1220.0	5
1	1326	1230.0	5
0	1143	1240.0	5
2	1175	1250.0	5
1	1226	1260.0	5
0	1193	1270.0	5
1	1275	1280.0	5
1	1281	1290.0	5
2	1227	1300.0	5
0	1319	1310.0	5
0	1217	1320.0	5
0	1292	1330.0	5
1	1270	1340.0	5
0	1269	1350.0	5
1	1218	1360.0	5
1	1223	1370.0	5
0	1164	1380.0	5
1	1285	1390.0	5
1	1232	1400.0	5
1	1228	1410.0	5
1	1343	1420.0	5
0	1318	1430.0	5
0	1213	1440.0	5
1	1259	1450.0	5
1	1262	1460.0	5
1	1203	1470.0	5
0	1407	1480.0	5
2	1297	1490.0	5
0	1251	1500.0	5
0	1262	1510.0	5
0	1295	1520.0	5
0	1247	1530.0	5
0	1170	1540.0	5
0	1312	1550.0	5
0	1267	1560.0	5
1	1195	1570.0	5
1	1295	1580.0	5
1	1244	1590.0	5
1	1265	1600.0	5
0	1199	1610.0	5
2	1353	1620.0	5
1	1338	1630.0	5
0	1232	1640.0	5
2	1229	1650.0	5
2	1241	1660.0	5
0	1155	1670.0	5
0	1105	1680.0	5
3	1344	1690.0	5
0	1211	1700.0	5
2	1317	1710.0	5
1	1188	1720.0	5
1	1311	1730.0	5
1	1360	1740.0	5
0	1283	1750.0	5
3	1135	1760.0	5
1	1255	1770.0	5
4	1210	1780.0	5
0	1230	1790.0	5
0	1212	1800.0	5
2	1160	1810.0	5
0	1286	1820.0	5
2	1272	1830.0	5
0	1281	1840.0	5
1	1128	1850.0	5
0	1279	1860.0	5
0	1304	1870.0	5
1	1261	1880.0	5
0	1226	1890.0	5
0	1171	1900.0	5
1	1208	1910.0	5
0	1189	1920.0	5
0	1298	1930.0	5
0	1319	1940.0	5
1	1311	1950.0	5
0	1180	1960.0	5
0	1183	1970.0	5
1	1140	1980.0	5
0	1133	1990.0	5
1	1219	2000.0	5
0	1312	2010.0	5
0	1283	2020.0	5
0	1218	2030.0	5
0	1219	2040.0	5
1	1314	2050.0	5
0	1304	2060.0	5
1	1283	2070.0	5
1	1321	2080.0	5
0	1197	2090.0	5
0	1292	2100.0	5
1	1209	2110.0	5
0	1166	2120.0	5
0	1232	2130.0	5
1	1334	2140.0	5
0	1193	2150.0	5
1	1176	2160.0	5
0	1232	2170.0	5
0	1231	2180.0	5
0	1204	2190.0	5
0	1261	2200.0	5
0	1257	2210.0	5
0	1220	2220.0	5
0	1348	2230.0	5
0	1336	2240.0	5
0	1297	2250.0	5
0	1135	2260.0	5
1	1266	2270.0	5
1	1233	2280.0	5
0	1179	2290.0	5
0	1230	2300.0	5
3	1338	2310.0	5
0	1290	2320.0	5
0	1272	2330.0	5
1	1326	2340.0	5
0	1224	2350.0	5
1	1143	2360.0	5
0	1167	2370.0	5
1	1179	2380.0	5
0	1249	2390.0	5
0	1365	2400.0	5
0	1530	2410.0	5
2	1417	2420.0	5
0	1582	2430.0	5
0	1437	2440.0	5
0	1481	2450.0	5
0	1478	2460.0	5
0	1517	2470.0	5
3	1646	2480.0	5
0	1571	2490.0	5
0	1501	2500.0	5
1	1485	2510.0	5
0	1541	2520.0	5
0	1412	2530.0	5
0	1428	2540.0	5
0	1445	2550.0	5
0	1507	2560.0	5
0	1485	2570.0	5
0	1350	2580.0	5
0	1420	2590.0	5
0	1431	2600.0	5
0	1536	2610.0	5
2	1468	2620.0	5
1	1517	2630.0	5
1	1546	2640.0	5
0	1471	2650.0	5
0	1435	2660.0	5
0	1515	2670.0	5
0	1496	2680.0	5
0	1530	2690.0	5
0	1418	2700.0	5
0	1428	2710.0	5
0	1568	2720.0	5
1	1550	2730.0	5
0	1672	2740.0	5
0	1265	2750.0	5
0	1153	2760.0	5
0	1222	2770.0	5
0	1153	2780.0	5
0	1072	2790.0	5
0	1240	2800.0	5
0	1180	2810.0	5
1	956	2820.0	5
2	453	2830.0	5
1	176	2840.0	5
0	60	2850.0	5
2	31	2860.0	5
0	39	2870.0	5
1	32	2880.0	5
0	35	2890.0	5
1	39	2900.0	5
1	31	2910.0	5
1	32	2920.0	5
0	28	2930.0	5
0	32	2940.0	5
2	25	2950.0	5
0	31	2960.0	5
0	32	2970.0	5
1	30	2980.0	5
0	29	2990.0	5
1	23	3000.0	5
0	16	10.0	6
0	2	20.0	6
0	19	30.0	6
1	37	40.0	6
0	24	50.0	6
2	18	60.0	6
0	16	70.0	6
0	17	80.0	6
1	16	90.0	6
2	11	100.0	6
2	17	110.0	6
1	21	120.0	6
0	0	130.0	6
1	10	140.0	6
1	29	150.0	6
0	34	160.0	6
0	33	170.0	6
1	1	180.0	6
0	20	190.0	6
0	24	200.0	6
0	14	210.0	6
0	28	220.0	6
0	32	230.0	6
2	23	240.0	6
0	22	250.0	6
2	33	260.0	6
0	22	270.0	6
1	32	280.0	6
0	19	290.0	6
0	25	300.0	6
0	28	310.0	6
0	20	320.0	6
0	27	330.0	6
1	26	340.0	6
0	25	350.0	6
0	18	360.0	6
1	23	370.0	6
1	23	380.0	6
0	19	390.0	6
1	26	400.0	6
1	32	410.0	6
0	24	420.0	6
0	28	430.0	6
1	20	440.0	6
0	20	450.0	6
0	32	460.0	6
0	30	470.0	6
0	28	480.0	6
1	33	490.0	6
1	20	500.0	6
1	26	510.0	6
0	25	520.0	6
0	29	530.0	6
0	20	540.0	6
0	18	550.0	6
1	34	560.0	6
0	22	570.0	6
0	30	580.0	6
0	37	590.0	6
0	33	600.0	6
0	28	610.0	6
0	20	620.0	6
0	31	630.0	6
0	29	640.0	6
0	36	650.0	6
0	31	660.0	6
1	38	670.0	6
0	28	680.0	6
1	38	690.0	6
0	31	700.0	6
0	26	710.0	6
0	35	720.0	6
0	27	730.0	6
0	27	740.0	6
2	37	750.0	6
1	31	760.0	6
0	29	770.0	6
2	77	780.0	6
0	80	790.0	6
1	89	800.0	6
0	93	810.0	6
0	272	820.0	6
0	659	830.0	6
0	1041	840.0	6
0	1269	850.0	6
0	1294	860.0	6
2	1229	870.0	6
0	1277	880.0	6
1	1426	890.0	6
0	1377	900.0	6
1	1346	910.0	6
1	1321	920.0	6
0	1229	930.0	6
0	1262	940.0	6
1	1327	950.0	6
1	1321	960.0	6
0	1197	970.0	6
0	1243	980.0	6
1	1313	990.0	6
2	1198	1000.0	6
0	1247	1010.0	6
1	1187	1020.0	6
1	1238	1030.0	6
0	1234	1040.0	6
1	1180	1050.0	6
0	1298	1060.0	6
1	1291	1070.0	6
0	1269	1080.0	6
0	1257	1090.0	6
0	1300	1100.0	6
0	1192	1110.0	6
0	1233	1120.0	6
0	1276	1130.0	6
0	1234	1140.0	6
0	1260	1150.0	6
0	1145	1160.0	6
0	1268	1170.0	6
0	1327	1180.0	6
2	1205	1190.0	6
1	1153	1200.0	6
0	1242	1210.0	6
0	1197	1220.0	6
0	1309	1230.0	6
0	1246	1240.0	6
0	1361	1250.0	6
1	1267	1260.0	6
0	1389	1270.0	6
0	1330	1280.0	6
0	1310	1290.0	6
1	1307	1300.0	6
0	1321	1310.0	6
0	1254	1320.0	6
0	1171	1330.0	6
0	1335	1340.0	6
0	1326	1350.0	6
0	1193	1360.0	6
0	1258	1370.0	6
0	1183	1380.0	6
429	2104	1390.0	6
1395	3666	1400.0	6
1401	3685	1410.0	6
1456	3746	1420.0	6
1390	3702	1430.0	6
1468	3730	1440.0	6
1372	3603	1450.0	6
1451	3684	1460.0	6
1475	3723	1470.0	6
1503	3564	1480.0	6
1470	3616	1490.0	6
1456	3702	1500.0	6
1412	3646	1510.0	6
1415	3737	1520.0	6
1441	3590	1530.0	6
1468	3648	1540.0	6
1399	3557	1550.0	6
1509	3603	1560.0	6
1400	3703	1570.0	6
1453	3682	1580.0	6
1435	3696	1590.0	6
1492	3724	1600.0	6
1498	3691	1610.0	6
1526	3657	1620.0	6
1445	3786	1630.0	6
1445	3786	1640.0	6
0.0	0.0	0.0	0.0
0.0	0.0	0.0	0.0
0.0	0.0	0.0	0.0
0.0	0.0	0.0	0.0
0.0	0.0	0.0	0.0
0.0	0.0	0.0	0.0
0.0	0.0	0.0	0.0
0.0	0.0	0.0	0.0
0.0	0.0	0.0	0.0
0.0	0.0	0.0	0.0
0.0	0.0	0.0	0.0
0.0	0.0	0.0	0.0
0.0	0.0	0.0	0.0
0.0	0.0	0.0	0.0
0.0	0.0	0.0	0.0
0.0	0.0	0.0	0.0
0.0	0.0	0.0	0.0
0.0	0.0	0.0	0.0
0.0	0.0	0.0	0.0
0.0	0.0	0.0	0.0
0.0	0.0	0.0	0.0
0.0	0.0	0.0	0.0
0.0	0.0	0.0	0.0
0.0	0.0	0.0	0.0
0.0	0.0	0.0	0.0
0.0	0.0	0.0	0.0
0.0	0.0	0.0	0.0
0.0	0.0	0.0	0.0
0.0	0.0	0.0	0.0
0.0	0.0	0.0	0.0
0.0	0.0	0.0	0.0
0.0	0.0	0.0	0.0
0.0	0.0	0.0	0.0
0.0	0.0	0.0	0.0
0.0	0.0	0.0	0.0
0.0	0.0	0.0	0.0
0.0	0.0	0.0	0.0
0.0	0.0	0.0	0.0
0.0	0.0	0.0	0.0
0.0	0.0	0.0	0.0
0.0	0.0	0.0	0.0
0.0	0.0	0.0	0.0
0.0	0.0	0.0	0.0
0.0	0.0	0.0	0.0
0.0	0.0	0.0	0.0
0.0	0.0	0.0	0.0
0.0	0.0	0.0	0.0
0.0	0.0	0.0	0.0
0.0	0.0	0.0	0.0
0.0	0.0	0.0	0.0
0.0	0.0	0.0	0.0
0.0	0.0	0.0	0.0
0.0	0.0	0.0	0.0
0.0	0.0	0.0	0.0
0.0	0.0	0.0	0.0
0.0	0.0	0.0	0.0
0.0	0.0	0.0	0.0
0.0	0.0	0.0	0.0
0.0	0.0	0.0	0.0
0.0	0.0	0.0	0.0
0.0	0.0	0.0	0.0
0.0	0.0	0.0	0.0
0.0	0.0	0.0	0.0
0.0	0.0	0.0	0.0
0.0	0.0	0.0	0.0
0.0	0.0	0.0	0.0
0.0	0.0	0.0	0.0
0.0	0.0	0.0	0.0
0.0	0.0	0.0	0.0
0.0	0.0	0.0	0.0
0.0	0.0	0.0	0.0
0.0	0.0	0.0	0.0
0.0	0.0	0.0	0.0
0.0	0.0	0.0	0.0
0.0	0.0	0.0	0.0
0.0	0.0	0.0	0.0
0.0	0.0	0.0	0.0
0.0	0.0	0.0	0.0
0.0	0.0	0.0	0.0
0.0	0.0	0.0	0.0
0.0	0.0	0.0	0.0
0.0	0.0	0.0	0.0
0.0	0.0	0.0	0.0
0.0	0.0	0.0	0.0
0.0	0.0	0.0	0.0
0.0	0.0	0.0	0.0
0.0	0.0	0.0	0.0
0.0	0.0	0.0	0.0
0.0	0.0	0.0	0.0
0.0	0.0	0.0	0.0
0.0	0.0	0.0	0.0
0.0	0.0	0.0	0.0
0.0	0.0	0.0	0.0
0.0	0.0	0.0	0.0
0.0	0.0	0.0	0.0
0.0	0.0	0.0	0.0
0.0	0.0	0.0	0.0
0.0	0.0	0.0	0.0
0.0	0.0	0.0	0.0
0.0	0.0	0.0	0.0
0.0	0.0	0.0	0.0
0.0	0.0	0.0	0.0
0.0	0.0	0.0	0.0
0.0	0.0	0.0	0.0
0.0	0.0	0.0	0.0
0.0	0.0	0.0	0.0
0.0	0.0	0.0	0.0
0.0	0.0	0.0	0.0
0.0	0.0	0.0	0.0
0.0	0.0	0.0	0.0
0.0	0.0	0.0	0.0
0.0	0.0	0.0	0.0
0.0	0.0	0.0	0.0
0.0	0.0	0.0	0.0
0.0	0.0	0.0	0.0
0.0	0.0	0.0	0.0
0.0	0.0	0.0	0.0
0.0	0.0	0.0	0.0
0.0	0.0	0.0	0.0
0.0	0.0	0.0	0.0
0.0	0.0	0.0	0.0
0.0	0.0	0.0	0.0
0.0	0.0	0.0	0.0
0.0	0.0	0.0	0.0
0.0	0.0	0.0	0.0
0.0	0.0	0.0	0.0
0.0	0.0	0.0	0.0
0.0	0.0	0.0	0.0
0.0	0.0	0.0	0.0
0.0	0.0	0.0	0.0
0.0	0.0	0.0	0.0
0.0	0.0	0.0	0.0
0.0	0.0	0.0	0.0
0.0	0.0	0.0	0.0
0.0	0.0	0.0	0.0
0.0	0.0	0.0	0.0
0.0	0.0	0.0	0.0
0.0	0.0	0.0	0.0
0.0	0.0	0.0	0.0
0.0	0.0	0.0	0.0
0.0	0.0	0.0	0.0
0.0	0.0	0.0	0.0
0.0	0.0	0.0	0.0
0.0	0.0	0.0	0.0
0.0	0.0	0.0	0.0
0.0	0.0	0.0	0.0
0.0	0.0	0.0	0.0
0.0	0.0	0.0	0.0
0.0	0.0	0.0	0.0
0.0	0.0	0.0	0.0
0.0	0.0	0.0	0.0
0.0	0.0	0.0	0.0
0.0	0.0	0.0	0.0
0.0	0.0	0.0	0.0
0.0	0.0	0.0	0.0
0.0	0.0	0.0	0.0
0.0	0.0	0.0	0.0
0.0	0.0	0.0	0.0
0.0	0.0	0.0	0.0
0.0	0.0	0.0	0.0
0.0	0.0	0.0	0.0
0.0	0.0	0.0	0.0
0.0	0.0	0.0	0.0
0.0	0.0	0.0	0.0
0.0	0.0	0.0	0.0
0.0	0.0	0.0	0.0
0.0	0.0	0.0	0.0
0.0	0.0	0.0	0.0
0.0	0.0	0.0	0.0
0.0	0.0	0.0	0.0
0.0	0.0	0.0	0.0
0.0	0.0	0.0	0.0
0.0	0.0	0.0	0.0
0.0	0.0	0.0	0.0
0.0	0.0	0.0	0.0
0.0	0.0	0.0	0.0
0.0	0.0	0.0	0.0
0.0	0.0	0.0	0.0
0.0	0.0	0.0	0.0
0.0	0.0	0.0	0.0
0.0	0.0	0.0	0.0
0.0	0.0	0.0	0.0
0.0	0.0	0.0	0.0
0.0	0.0	0.0	0.0
0.0	0.0	0.0	0.0
0.0	0.0	0.0	0.0
0.0	0.0	0.0	0.0
0.0	0.0	0.0	0.0
0.0	0.0	0.0	0.0
0.0	0.0	0.0	0.0
0.0	0.0	0.0	0.0
0.0	0.0	0.0	0.0
0.0	0.0	0.0	0.0
0.0	0.0	0.0	0.0
0.0	0.0	0.0	0.0
0.0	0.0	0.0	0.0
0.0	0.0	0.0	0.0
0.0	0.0	0.0	0.0
0.0	0.0	0.0	0.0
0.0	0.0	0.0	0.0
0.0	0.0	0.0	0.0
0.0	0.0	0.0	0.0
0.0	0.0	0.0	0.0
0.0	0.0	0.0	0.0
0.0	0.0	0.0	0.0
0.0	0.0	0.0	0.0
0.0	0.0	0.0	0.0
0.0	0.0	0.0	0.0
0.0	0.0	0.0	0.0
0.0	0.0	0.0	0.0
0.0	0.0	0.0	0.0
0.0	0.0	0.0	0.0
0.0	0.0	0.0	0.0
0.0	0.0	0.0	0.0
0.0	0.0	0.0	0.0
0.0	0.0	0.0	0.0
0.0	0.0	0.0	0.0
0.0	0.0	0.0	0.0
0.0	0.0	0.0	0.0
0.0	0.0	0.0	0.0
0.0	0.0	0.0	0.0
0.0	0.0	0.0	0.0
0.0	0.0	0.0	0.0
0.0	0.0	0.0	0.0
0.0	0.0	0.0	0.0
0.0	0.0	0.0	0.0
0.0	0.0	0.0	0.0
0.0	0.0	0.0	0.0
0.0	0.0	0.0	0.0
0.0	0.0	0.0	0.0
0.0	0.0	0.0	0.0
0.0	0.0	0.0	0.0
0.0	0.0	0.0	0.0
0.0	0.0	0.0	0.0
0.0	0.0	0.0	0.0
0.0	0.0	0.0	0.0
0.0	0.0	0.0	0.0
0.0	0.0	0.0	0.0
0.0	0.0	0.0	0.0
0.0	0.0	0.0	0.0
0.0	0.0	0.0	0.0
0.0	0.0	0.0	0.0
0.0	0.0	0.0	0.0
0.0	0.0	0.0	0.0
0.0	0.0	0.0	0.0
0.0	0.0	0.0	0.0
0.0	0.0	0.0	0.0
0.0	0.0	0.0	0.0
0.0	0.0	0.0	0.0
0.0	0.0	0.0	0.0
0.0	0.0	0.0	0.0
0.0	0.0	0.0	0.0
0.0	0.0	0.0	0.0
0.0	0.0	0.0	0.0
0.0	0.0	0.0	0.0
0.0	0.0	0.0	0.0
0.0	0.0	0.0	0.0
0.0	0.0	0.0	0.0
0.0	0.0	0.0	0.0
0.0	0.0	0.0	0.0
0.0	0.0	0.0	0.0
0.0	0.0	0.0	0.0
0.0	0.0	0.0	0.0
0.0	0.0	0.0	0.0
0.0	0.0	0.0	0.0
0.0	0.0	0.0	0.0
0.0	0.0	0.0	0.0
0.0	0.0	0.0	0.0
0.0	0.0	0.0	0.0
0.0	0.0	0.0	0.0
0.0	0.0	0.0	0.0
0.0	0.0	0.0	0.0
0.0	0.0	0.0	0.0
0.0	0.0	0.0	0.0
0.0	0.0	0.0	0.0
0.0	0.0	0.0	0.0
0.0	0.0	0.0	0.0
0.0	0.0	0.0	0.0
0.0	0.0	0.0	0.0
0.0	0.0	0.0	0.0
0.0	0.0	0.0	0.0
0.0	0.0	0.0	0.0
0.0	0.0	0.0	0.0
0.0	0.0	0.0	0.0
0.0	0.0	0.0	0.0
0.0	0.0	0.0	0.0
0.0	0.0	0.0	0.0
0.0	0.0	0.0	0.0
0.0	0.0	0.0	0.0
0.0	0.0	0.0	0.0
0.0	0.0	0.0	0.0
0.0	0.0	0.0	0.0
0.0	0.0	0.0	0.0
0.0	0.0	0.0	0.0
0.0	0.0	0.0	0.0
0.0	0.0	0.0	0.0
0.0	0.0	0.0	0.0
0.0	0.0	0.0	0.0
0.0	0.0	0.0	0.0
0.0	0.0	0.0	0.0
0.0	0.0	0.0	0.0
0.0	0.0	0.0	0.0
0.0	0.0	0.0	0.0
0.0	0.0	0.0	0.0
0.0	0.0	0.0	0.0
0.0	0.0	0.0	0.0
0.0	0.0	0.0	0.0
0.0	0.0	0.0	0.0
0.0	0.0	0.0	0.0
0.0	0.0	0.0	0.0
0.0	0.0	0.0	0.0
0.0	0.0	0.0	0.0
0.0	0.0	0.0	0.0
0.0	0.0	0.0	0.0
0.0	0.0	0.0	0.0
0.0	0.0	0.0	0.0
0.0	0.0	0.0	0.0
0.0	0.0	0.0	0.0
0.0	0.0	0.0	0.0
0.0	0.0	0.0	0.0
0.0	0.0	0.0	0.0
0.0	0.0	0.0	0.0
0.0	0.0	0.0	0.0
0.0	0.0	0.0	0.0
0.0	0.0	0.0	0.0
0.0	0.0	0.0	0.0
0.0	0.0	0.0	0.0
0.0	0.0	0.0	0.0
0.0	0.0	0.0	0.0
0.0	0.0	0.0	0.0
0.0	0.0	0.0	0.0
0.0	0.0	0.0	0.0
0.0	0.0	0.0	0.0
0.0	0.0	0.0	0.0
0.0	0.0	0.0	0.0
0.0	0.0	0.0	0.0
0.0	0.0	0.0	0.0
0.0	0.0	0.0	0.0
0.0	0.0	0.0	0.0
0.0	0.0	0.0	0.0
0.0	0.0	0.0	0.0
0.0	0.0	0.0	0.0
0.0	0.0	0.0	0.0
0.0	0.0	0.0	0.0
0.0	0.0	0.0	0.0
0.0	0.0	0.0	0.0
0.0	0.0	0.0	0.0
0.0	0.0	0.0	0.0
0.0	0.0	0.0	0.0
0.0	0.0	0.0	0.0
0.0	0.0	0.0	0.0
0.0	0.0	0.0	0.0
0.0	0.0	0.0	0.0
0.0	0.0	0.0	0.0
0.0	0.0	0.0	0.0
0.0	0.0	0.0	0.0
0.0	0.0	0.0	0.0
0.0	0.0	0.0	0.0
0.0	0.0	0.0	0.0
0.0	0.0	0.0	0.0
0.0	0.0	0.0	0.0
0.0	0.0	0.0	0.0
0.0	0.0	0.0	0.0
0.0	0.0	0.0	0.0
0.0	0.0	0.0	0.0
0.0	0.0	0.0	0.0
0.0	0.0	0.0	0.0
0.0	0.0	0.0	0.0
0.0	0.0	0.0	0.0
0.0	0.0	0.0	0.0
0.0	0.0	0.0	0.0
0.0	0.0	0.0	0.0
0.0	0.0	0.0	0.0
0.0	0.0	0.0	0.0
0.0	0.0	0.0	0.0
0.0	0.0	0.0	0.0
0.0	0.0	0.0	0.0
0.0	0.0	0.0	0.0
0.0	0.0	0.0	0.0
0.0	0.0	0.0	0.0
0.0	0.0	0.0	0.0
0.0	0.0	0.0	0.0
0.0	0.0	0.0	0.0
0.0	0.0	0.0	0.0
0.0	0.0	0.0	0.0
0.0	0.0	0.0	0.0
0.0	0.0	0.0	0.0
0.0	0.0	0.0	0.0
0.0	0.0	0.0	0.0
0.0	0.0	0.0	0.0
0.0	0.0	0.0	0.0
0.0	0.0	0.0	0.0
0.0	0.0	0.0	0.0
0.0	0.0	0.0	0.0
0.0	0.0	0.0	0.0
0.0	0.0	0.0	0.0
0.0	0.0	0.0	0.0
0.0	0.0	0.0	0.0
0.0	0.0	0.0	0.0
0.0	0.0	0.0	0.0
0.0	0.0	0.0	0.0
0.0	0.0	0.0	0.0
0.0	0.0	0.0	0.0
0.0	0.0	0.0	0.0
0.0	0.0	0.0	0.0
0.0	0.0	0.0	0.0
0.0	0.0	0.0	0.0
0.0	0.0	0.0	0.0
0.0	0.0	0.0	0.0
0.0	0.0	0.0	0.0
0.0	0.0	0.0	0.0
0.0	0.0	0.0	0.0
0.0	0.0	0.0	0.0
0.0	0.0	0.0	0.0
0.0	0.0	0.0	0.0
0.0	0.0	0.0	0.0
0.0	0.0	0.0	0.0
0.0	0.0	0.0	0.0
0.0	0.0	0.0	0.0
0.0	0.0	0.0	0.0
0.0	0.0	0.0	0.0
0.0	0.0	0.0	0.0
0.0	0.0	0.0	0.0
0.0	0.0	0.0	0.0
0.0	0.0	0.0	0.0
0.0	0.0	0.0	0.0
0.0	0.0	0.0	0.0
0.0	0.0	0.0	0.0
0.0	0.0	0.0	0.0
0.0	0.0	0.0	0.0
0.0	0.0	0.0	0.0
0.0	0.0	0.0	0.0
0.0	0.0	0.0	0.0
0.0	0.0	0.0	0.0
0.0	0.0	0.0	0.0
0.0	0.0	0.0	0.0
0.0	0.0	0.0	0.0
0.0	0.0	0.0	0.0
0.0	0.0	0.0	0.0
0.0	0.0	0.0	0.0
0.0	0.0	0.0	0.0
0.0	0.0	0.0	0.0
0.0	0.0	0.0	0.0
0.0	0.0	0.0	0.0
0.0	0.0	0.0	0.0
0.0	0.0	0.0	0.0
0.0	0.0	0.0	0.0
0.0	0.0	0.0	0.0
0.0	0.0	0.0	0.0
0.0	0.0	0.0	0.0
0.0	0.0	0.0	0.0
0.0	0.0	0.0	0.0
0.0	0.0	0.0	0.0
0.0	0.0	0.0	0.0
0.0	0.0	0.0	0.0
0.0	0.0	0.0	0.0
0.0	0.0	0.0	0.0
0.0	0.0	0.0	0.0
0.0	0.0	0.0	0.0
0.0	0.0	0.0	0.0
0.0	0.0	0.0	0.0
0.0	0.0	0.0	0.0
0.0	0.0	0.0	0.0
0.0	0.0	0.0	0.0
0.0	0.0	0.0	0.0
0.0	0.0	0.0	0.0
0.0	0.0	0.0	0.0
0.0	0.0	0.0	0.0
0.0	0.0	0.0	0.0
0.0	0.0	0.0	0.0
0.0	0.0	0.0	0.0
0.0	0.0	0.0	0.0
0.0	0.0	0.0	0.0
0.0	0.0	0.0	0.0
0.0	0.0	0.0	0.0
0.0	0.0	0.0	0.0
0.0	0.0	0.0	0.0
0.0	0.0	0.0	0.0
0.0	0.0	0.0	0.0
0.0	0.0	0.0	0.0
0.0	0.0	0.0	0.0
0.0	0.0	0.0	0.0
0.0	0.0	0.0	0.0
0.0	0.0	0.0	0.0
0.0	0.0	0.0	0.0
0.0	0.0	0.0	0.0
0.0	0.0	0.0	0.0
0.0	0.0	0.0	0.0
0.0	0.0	0.0	0.0
0.0	0.0	0.0	0.0
0.0	0.0	0.0	0.0
0.0	0.0	0.0	0.0
0.0	0.0	0.0	0.0
0.0	0.0	0.0	0.0
0.0	0.0	0.0	0.0
0.0	0.0	0.0	0.0
0.0	0.0	0.0	0.0
0.0	0.0	0.0	0.0
0.0	0.0	0.0	0.0
0.0	0.0	0.0	0.0
0.0	0.0	0.0	0.0
0.0	0.0	0.0	0.0
0.0	0.0	0.0	0.0
0.0	0.0	0.0	0.0
0.0	0.0	0.0	0.0
0.0	0.0	0.0	0.0
0.0	0.0	0.0	0.0
0.0	0.0	0.0	0.0
0.0	0.0	0.0	0.0
0.0	0.0	0.0	0.0
0.0	0.0	0.0	0.0
0.0	0.0	0.0	0.0
0.0	0.0	0.0	0.0
0.0	0.0	0.0	0.0
0.0	0.0	0.0	0.0
0.0	0.0	0.0	0.0
0.0	0.0	0.0	0.0
0.0	0.0	0.0	0.0
0.0	0.0	0.0	0.0
0.0	0.0	0.0	0.0
0.0	0.0	0.0	0.0
0.0	0.0	0.0	0.0
0.0	0.0	0.0	0.0
0.0	0.0	0.0	0.0
0.0	0.0	0.0	0.0
0.0	0.0	0.0	0.0
0.0	0.0	0.0	0.0
0.0	0.0	0.0	0.0
0.0	0.0	0.0	0.0
0.0	0.0	0.0	0.0
0.0	0.0	0.0	0.0
0.0	0.0	0.0	0.0
0.0	0.0	0.0	0.0
0.0	0.0	0.0	0.0
0.0	0.0	0.0	0.0
0.0	0.0	0.0	0.0
0.0	0.0	0.0	0.0
0.0	0.0	0.0	0.0
0.0	0.0	0.0	0.0
0.0	0.0	0.0	0.0
0.0	0.0	0.0	0.0
0.0	0.0	0.0	0.0
0.0	0.0	0.0	0.0
0.0	0.0	0.0	0.0
0.0	0.0	0.0	0.0
0.0	0.0	0.0	0.0
0.0	0.0	0.0	0.0
0.0	0.0	0.0	0.0
0.0	0.0	0.0	0.0
0.0	0.0	0.0	0.0
0.0	0.0	0.0	0.0
0.0	0.0	0.0	0.0
0.0	0.0	0.0	0.0
0.0	0.0	0.0	0.0
0.0	0.0	0.0	0.0
0.0	0.0	0.0	0.0
0.0	0.0	0.0	0.0
0.0	0.0	0.0	0.0
0.0	0.0	0.0	0.0
0.0	0.0	0.0	0.0
0.0	0.0	0.0	0.0
0.0	0.0	0.0	0.0
0.0	0.0	0.0	0.0
0.0	0.0	0.0	0.0
0.0	0.0	0.0	0.0
0.0	0.0	0.0	0.0
0.0	0.0	0.0	0.0
0.0	0.0	0.0	0.0
0.0	0.0	0.0	0.0
0.0	0.0	0.0	0.0
0.0	0.0	0.0	0.0
0.0	0.0	0.0	0.0
0.0	0.0	0.0	0.0
0.0	0.0	0.0	0.0
0.0	0.0	0.0	0.0
0.0	0.0	0.0	0.0
0.0	0.0	0.0	0.0
0.0	0.0	0.0	0.0
0.0	0.0	0.0	0.0
0.0	0.0	0.0	0.0
0.0	0.0	0.0	0.0
0.0	0.0	0.0	0.0
0.0	0.0	0.0	0.0
0.0	0.0	0.0	0.0
0.0	0.0	0.0	0.0
0.0	0.0	0.0	0.0
0.0	0.0	0.0	0.0
0.0	0.0	0.0	0.0
0.0	0.0	0.0	0.0
0.0	0.0	0.0	0.0
0.0	0.0	0.0	0.0
0.0	0.0	0.0	0.0
0.0	0.0	0.0	0.0
0.0	0.0	0.0	0.0
0.0	0.0	0.0	0.0
0.0	0.0	0.0	0.0
0.0	0.0	0.0	0.0
0.0	0.0	0.0	0.0
0.0	0.0	0.0	0.0
0.0	0.0	0.0	0.0
0.0	0.0	0.0	0.0
0.0	0.0	0.0	0.0
0.0	0.0	0.0	0.0
0.0	0.0	0.0	0.0
0.0	0.0	0.0	0.0
0.0	0.0	0.0	0.0
0.0	0.0	0.0	0.0
0.0	0.0	0.0	0.0
0.0	0.0	0.0	0.0
0.0	0.0	0.0	0.0
0.0	0.0	0.0	0.0
0.0	0.0	0.0	0.0
0.0	0.0	0.0	0.0
0.0	0.0	0.0	0.0
0.0	0.0	0.0	0.0
0.0	0.0	0.0	0.0
0.0	0.0	0.0	0.0
0.0	0.0	0.0	0.0
0.0	0.0	0.0	0.0
0.0	0.0	0.0	0.0
0.0	0.0	0.0	0.0
0.0	0.0	0.0	0.0
0.0	0.0	0.0	0.0
0.0	0.0	0.0	0.0
0.0	0.0	0.0	0.0
0.0	0.0	0.0	0.0
0.0	0.0	0.0	0.0
0.0	0.0	0.0	0.0
0.0	0.0	0.0	0.0
0.0	0.0	0.0	0.0
0.0	0.0	0.0	0.0
0.0	0.0	0.0	0.0
0.0	0.0	0.0	0.0
0.0	0.0	0.0	0.0
0.0	0.0	0.0	0.0
0.0	0.0	0.0	0.0
0.0	0.0	0.0	0.0
0.0	0.0	0.0	0.0
0.0	0.0	0.0	0.0
0.0	0.0	0.0	0.0
0.0	0.0	0.0	0.0
0.0	0.0	0.0	0.0
0.0	0.0	0.0	0.0
0.0	0.0	0.0	0.0
0.0	0.0	0.0	0.0
0.0	0.0	0.0	0.0
0.0	0.0	0.0	0.0
0.0	0.0	0.0	0.0
0.0	0.0	0.0	0.0
0.0	0.0	0.0	0.0
0.0	0.0	0.0	0.0
0.0	0.0	0.0	0.0
0.0	0.0	0.0	0.0
0.0	0.0	0.0	0.0
0.0	0.0	0.0	0.0
0.0	0.0	0.0	0.0
0.0	0.0	0.0	0.0
0.0	0.0	0.0	0.0
0.0	0.0	0.0	0.0
0.0	0.0	0.0	0.0
0.0	0.0	0.0	0.0
0.0	0.0	0.0	0.0
0.0	0.0	0.0	0.0
0.0	0.0	0.0	0.0
0.0	0.0	0.0	0.0
0.0	0.0	0.0	0.0
0.0	0.0	0.0	0.0
0.0	0.0	0.0	0.0
0.0	0.0	0.0	0.0
0.0	0.0	0.0	0.0
0.0	0.0	0.0	0.0
0.0	0.0	0.0	0.0
0.0	0.0	0.0	0.0
0.0	0.0	0.0	0.0
0.0	0.0	0.0	0.0
0.0	0.0	0.0	0.0
0.0	0.0	0.0	0.0
0.0	0.0	0.0	0.0
0.0	0.0	0.0	0.0
0.0	0.0	0.0	0.0
0.0	0.0	0.0	0.0
0.0	0.0	0.0	0.0
0.0	0.0	0.0	0.0
0.0	0.0	0.0	0.0
0.0	0.0	0.0	0.0
0.0	0.0	0.0	0.0
0.0	0.0	0.0	0.0
0.0	0.0	0.0	0.0
0.0	0.0	0.0	0.0
0.0	0.0	0.0	0.0
0.0	0.0	0.0	0.0
0.0	0.0	0.0	0.0
0.0	0.0	0.0	0.0
0.0	0.0	0.0	0.0
0.0	0.0	0.0	0.0
0.0	0.0	0.0	0.0
0.0	0.0	0.0	0.0
0.0	0.0	0.0	0.0
0.0	0.0	0.0	0.0
0.0	0.0	0.0	0.0
0.0	0.0	0.0	0.0
0.0	0.0	0.0	0.0
0.0	0.0	0.0	0.0
0.0	0.0	0.0	0.0
0.0	0.0	0.0	0.0
0.0	0.0	0.0	0.0
0.0	0.0	0.0	0.0
0.0	0.0	0.0	0.0
0.0	0.0	0.0	0.0
0.0	0.0	0.0	0.0
0.0	0.0	0.0	0.0
0.0	0.0	0.0	0.0
0.0	0.0	0.0	0.0
0.0	0.0	0.0	0.0
0.0	0.0	0.0	0.0
0.0	0.0	0.0	0.0
0.0	0.0	0.0	0.0
0.0	0.0	0.0	0.0
0.0	0.0	0.0	0.0
0.0	0.0	0.0	0.0
0.0	0.0	0.0	0.0
0.0	0.0	0.0	0.0
0.0	0.0	0.0	0.0
0.0	0.0	0.0	0.0
0.0	0.0	0.0	0.0
0.0	0.0	0.0	0.0
0.0	0.0	0.0	0.0
0.0	0.0	0.0	0.0
0.0	0.0	0.0	0.0
0.0	0.0	0.0	0.0
0.0	0.0	0.0	0.0
0.0	0.0	0.0	0.0
0.0	0.0	0.0	0.0
0.0	0.0	0.0	0.0
0.0	0.0	0.0	0.0
0.0	0.0	0.0	0.0
0.0	0.0	0.0	0.0
0.0	0.0	0.0	0.0
0.0	0.0	0.0	0.0
0.0	0.0	0.0	0.0
0.0	0.0	0.0	0.0
0.0	0.0	0.0	0.0
0.0	0.0	0.0	0.0
0.0	0.0	0.0	0.0
0.0	0.0	0.0	0.0
0.0	0.0	0.0	0.0
0.0	0.0	0.0	0.0
0.0	0.0	0.0	0.0
0.0	0.0	0.0	0.0
0.0	0.0	0.0	0.0
0.0	0.0	0.0	0.0
0.0	0.0	0.0	0.0
0.0	0.0	0.0	0.0
0.0	0.0	0.0	0.0
0.0	0.0	0.0	0.0
0.0	0.0	0.0	0.0
0.0	0.0	0.0	0.0
0.0	0.0	0.0	0.0
0.0	0.0	0.0	0.0
0.0	0.0	0.0	0.0
0.0	0.0	0.0	0.0
0.0	0.0	0.0	0.0
0.0	0.0	0.0	0.0
0.0	0.0	0.0	0.0
0.0	0.0	0.0	0.0
0.0	0.0	0.0	0.0
0.0	0.0	0.0	0.0
0.0	0.0	0.0	0.0
0.0	0.0	0.0	0.0
0.0	0.0	0.0	0.0
0.0	0.0	0.0	0.0
0.0	0.0	0.0	0.0
0.0	0.0	0.0	0.0
0.0	0.0	0.0	0.0
0.0	0.0	0.0	0.0
0.0	0.0	0.0	0.0
0.0	0.0	0.0	0.0
0.0	0.0	0.0	0.0
0.0	0.0	0.0	0.0
0.0	0.0	0.0	0.0
0.0	0.0	0.0	0.0
0.0	0.0	0.0	0.0
0.0	0.0	0.0	0.0
0.0	0.0	0.0	0.0
0.0	0.0	0.0	0.0
0.0	0.0	0.0	0.0
0.0	0.0	0.0	0.0
0.0	0.0	0.0	0.0
0.0	0.0	0.0	0.0
0.0	0.0	0.0	0.0
0.0	0.0	0.0	0.0
0.0	0.0	0.0	0.0
0.0	0.0	0.0	0.0
0.0	0.0	0.0	0.0
0.0	0.0	0.0	0.0
0.0	0.0	0.0	0.0
0.0	0.0	0.0	0.0
0.0	0.0	0.0	0.0
0.0	0.0	0.0	0.0
0.0	0.0	0.0	0.0
0.0	0.0	0.0	0.0
0.0	0.0	0.0	0.0
0.0	0.0	0.0	0.0
0.0	0.0	0.0	0.0
0.0	0.0	0.0	0.0
0.0	0.0	0.0	0.0
0.0	0.0	0.0	0.0
0.0	0.0	0.0	0.0
0.0	0.0	0.0	0.0
0.0	0.0	0.0	0.0
0.0	0.0	0.0	0.0
0.0	0.0	0.0	0.0
0.0	0.0	0.0	0.0
0.0	0.0	0.0	0.0
0.0	0.0	0.0	0.0
0.0	0.0	0.0	0.0
0.0	0.0	0.0	0.0
0.0	0.0	0.0	0.0
0.0	0.0	0.0	0.0
0.0	0.0	0.0	0.0
0.0	0.0	0.0	0.0
0.0	0.0	0.0	0.0
0.0	0.0	0.0	0.0
0.0	0.0	0.0	0.0
0.0	0.0	0.0	0.0
0.0	0.0	0.0	0.0
0.0	0.0	0.0	0.0
0.0	0.0	0.0	0.0
0.0	0.0	0.0	0.0
0.0	0.0	0.0	0.0
0.0	0.0	0.0	0.0
0.0	0.0	0.0	0.0
0.0	0.0	0.0	0.0
0.0	0.0	0.0	0.0
0.0	0.0	0.0	0.0
0.0	0.0	0.0	0.0
0.0	0.0	0.0	0.0
0.0	0.0	0.0	0.0
0.0	0.0	0.0	0.0
0.0	0.0	0.0	0.0
0.0	0.0	0.0	0.0
0.0	0.0	0.0	0.0
0.0	0.0	0.0	0.0
0.0	0.0	0.0	0.0
0.0	0.0	0.0	0.0
0.0	0.0	0.0	0.0
0.0	0.0	0.0	0.0
0.0	0.0	0.0	0.0
0.0	0.0	0.0	0.0
0.0	0.0	0.0	0.0
0.0	0.0	0.0	0.0
0.0	0.0	0.0	0.0
0.0	0.0	0.0	0.0
0.0	0.0	0.0	0.0
0.0	0.0	0.0	0.0
0.0	0.0	0.0	0.0
0.0	0.0	0.0	0.0
0.0	0.0	0.0	0.0
0.0	0.0	0.0	0.0
0.0	0.0	0.0	0.0
0.0	0.0	0.0	0.0
0.0	0.0	0.0	0.0
0.0	0.0	0.0	0.0
0.0	0.0	0.0	0.0
0.0	0.0	0.0	0.0
0.0	0.0	0.0	0.0
0.0	0.0	0.0	0.0
0.0	0.0	0.0	0.0
0.0	0.0	0.0	0.0
0.0	0.0	0.0	0.0
0.0	0.0	0.0	0.0
0.0	0.0	0.0	0.0
0.0	0.0	0.0	0.0
0.0	0.0	0.0	0.0
0.0	0.0	0.0	0.0
0.0	0.0	0.0	0.0
0.0	0.0	0.0	0.0
0.0	0.0	0.0	0.0
0.0	0.0	0.0	0.0
0.0	0.0	0.0	0.0
0.0	0.0	0.0	0.0
0.0	0.0	0.0	0.0
0.0	0.0	0.0	0.0
0.0	0.0	0.0	0.0
0.0	0.0	0.0	0.0
0.0	0.0	0.0	0.0
0.0	0.0	0.0	0.0
0.0	0.0	0.0	0.0
0.0	0.0	0.0	0.0
0.0	0.0	0.0	0.0
0.0	0.0	0.0	0.0
0.0	0.0	0.0	0.0
0.0	0.0	0.0	0.0
0.0	0.0	0.0	0.0
0.0	0.0	0.0	0.0
0.0	0.0	0.0	0.0
0.0	0.0	0.0	0.0
0.0	0.0	0.0	0.0
0.0	0.0	0.0	0.0
0.0	0.0	0.0	0.0
0.0	0.0	0.0	0.0
0.0	0.0	0.0	0.0
0.0	0.0	0.0	0.0
0.0	0.0	0.0	0.0
0.0	0.0	0.0	0.0
0.0	0.0	0.0	0.0
0.0	0.0	0.0	0.0
0.0	0.0	0.0	0.0
0.0	0.0	0.0	0.0
0.0	0.0	0.0	0.0
0.0	0.0	0.0	0.0
0.0	0.0	0.0	0.0
0.0	0.0	0.0	0.0
0.0	0.0	0.0	0.0
0.0	0.0	0.0	0.0
0.0	0.0	0.0	0.0
0.0	0.0	0.0	0.0
0.0	0.0	0.0	0.0
0.0	0.0	0.0	0.0
0.0	0.0	0.0	0.0
0.0	0.0	0.0	0.0
0.0	0.0	0.0	0.0
0.0	0.0	0.0	0.0
0.0	0.0	0.0	0.0
0.0	0.0	0.0	0.0
0.0	0.0	0.0	0.0
0.0	0.0	0.0	0.0
0.0	0.0	0.0	0.0
0.0	0.0	0.0	0.0
0.0	0.0	0.0	0.0
0.0	0.0	0.0	0.0
0.0	0.0	0.0	0.0
0.0	0.0	0.0	0.0
0.0	0.0	0.0	0.0
0.0	0.0	0.0	0.0
0.0	0.0	0.0	0.0
0.0	0.0	0.0	0.0
0.0	0.0	0.0	0.0
0.0	0.0	0.0	0.0
0.0	0.0	0.0	0.0
0.0	0.0	0.0	0.0
0.0	0.0	0.0	0.0
0.0	0.0	0.0	0.0
0.0	0.0	0.0	0.0
0.0	0.0	0.0	0.0
0.0	0.0	0.0	0.0
0.0	0.0	0.0	0.0
0.0	0.0	0.0	0.0
0.0	0.0	0.0	0.0
0.0	0.0	0.0	0.0
0.0	0.0	0.0	0.0
0.0	0.0	0.0	0.0
0.0	0.0	0.0	0.0
0.0	0.0	0.0	0.0
0.0	0.0	0.0	0.0
0.0	0.0	0.0	0.0
0.0	0.0	0.0	0.0
0.0	0.0	0.0	0.0
0.0	0.0	0.0	0.0
0.0	0.0	0.0	0.0
0.0	0.0	0.0	0.0
0.0	0.0	0.0	0.0
0.0	0.0	0.0	0.0
0.0	0.0	0.0	0.0
0.0	0.0	0.0	0.0
0.0	0.0	0.0	0.0
0.0	0.0	0.0	0.0
0.0	0.0	0.0	0.0
0.0	0.0	0.0	0.0
0.0	0.0	0.0	0.0
0.0	0.0	0.0	0.0
0.0	0.0	0.0	0.0
0.0	0.0	0.0	0.0
0.0	0.0	0.0	0.0
0.0	0.0	0.0	0.0
0.0	0.0	0.0	0.0
0.0	0.0	0.0	0.0
0.0	0.0	0.0	0.0
0.0	0.0	0.0	0.0
0.0	0.0	0.0	0.0
0.0	0.0	0.0	0.0
0.0	0.0	0.0	0.0
0.0	0.0	0.0	0.0
0.0	0.0	0.0	0.0
0.0	0.0	0.0	0.0
0.0	0.0	0.0	0.0
0.0	0.0	0.0	0.0
0.0	0.0	0.0	0.0
0.0	0.0	0.0	0.0
0.0	0.0	0.0	0.0
0.0	0.0	0.0	0.0
0.0	0.0	0.0	0.0
0.0	0.0	0.0	0.0
0.0	0.0	0.0	0.0
0.0	0.0	0.0	0.0
0.0	0.0	0.0	0.0
0.0	0.0	0.0	0.0
0.0	0.0	0.0	0.0
0.0	0.0	0.0	0.0
0.0	0.0	0.0	0.0
0.0	0.0	0.0	0.0
0.0	0.0	0.0	0.0
0.0	0.0	0.0	0.0
0.0	0.0	0.0	0.0
0.0	0.0	0.0	0.0
0.0	0.0	0.0	0.0
0.0	0.0	0.0	0.0
0.0	0.0	0.0	0.0
0.0	0.0	0.0	0.0
0.0	0.0	0.0	0.0
0.0	0.0	0.0	0.0
0.0	0.0	0.0	0.0
0.0	0.0	0.0	0.0
0.0	0.0	0.0	0.0
0.0	0.0	0.0	0.0
0.0	0.0	0.0	0.0
0.0	0.0	0.0	0.0
0.0	0.0	0.0	0.0
0.0	0.0	0.0	0.0
0.0	0.0	0.0	0.0
0.0	0.0	0.0	0.0
0.0	0.0	0.0	0.0
0.0	0.0	0.0	0.0
0.0	0.0	0.0	0.0
0.0	0.0	0.0	0.0
0.0	0.0	0.0	0.0
0.0	0.0	0.0	0.0
0.0	0.0	0.0	0.0
0.0	0.0	0.0	0.0
0.0	0.0	0.0	0.0
0.0	0.0	0.0	0.0
0.0	0.0	0.0	0.0
0.0	0.0	0.0	0.0
0.0	0.0	0.0	0.0
0.0	0.0	0.0	0.0
0.0	0.0	0.0	0.0
