Experiment time:	2021-07-09 17:24:27	Scanning Mode:	Time Sweep
Total Loop:	20	Point per loop:	100
Signal	Reference	Time(ns)	Loop Num
0	1286	2603.0	0
0	1274	2606.0	0
1	1134	2609.0	0
0	1144	2612.0	0
0	1311	2615.0	0
0	1215	2618.0	0
0	1290	2621.0	0
0	1316	2624.0	0
1	1224	2627.0	0
0	1166	2630.0	0
0	1117	2633.0	0
1	1127	2636.0	0
0	1108	2639.0	0
0	1143	2642.0	0
1	1156	2645.0	0
0	1204	2648.0	0
0	1249	2651.0	0
1	1171	2654.0	0
0	1423	2657.0	0
0	1356	2660.0	0
0	1267	2663.0	0
0	1292	2666.0	0
0	1198	2669.0	0
0	1135	2672.0	0
0	1108	2675.0	0
0	1100	2678.0	0
0	1120	2681.0	0
0	1265	2684.0	0
0	1256	2687.0	0
0	1135	2690.0	0
0	1162	2693.0	0
0	1246	2696.0	0
0	1202	2699.0	0
0	1131	2702.0	0
0	1156	2705.0	0
0	1113	2708.0	0
0	1282	2711.0	0
0	1295	2714.0	0
0	1200	2717.0	0
1	1242	2720.0	0
1	1284	2723.0	0
0	1313	2726.0	0
0	1224	2729.0	0
1	1276	2732.0	0
0	1246	2735.0	0
0	1245	2738.0	0
0	1182	2741.0	0
1	1229	2744.0	0
0	1188	2747.0	0
0	1197	2750.0	0
0	1258	2753.0	0
0	1083	2756.0	0
0	1214	2759.0	0
0	1161	2762.0	0
1	1144	2765.0	0
0	1088	2768.0	0
1	1112	2771.0	0
0	1014	2774.0	0
0	1092	2777.0	0
1	1104	2780.0	0
0	997	2783.0	0
0	909	2786.0	0
0	889	2789.0	0
0	859	2792.0	0
0	815	2795.0	0
0	785	2798.0	0
0	796	2801.0	0
0	755	2804.0	0
0	707	2807.0	0
0	707	2810.0	0
0	711	2813.0	0
0	664	2816.0	0
1	588	2819.0	0
0	585	2822.0	0
1	519	2825.0	0
0	472	2828.0	0
0	398	2831.0	0
0	410	2834.0	0
0	391	2837.0	0
2	303	2840.0	0
0	256	2843.0	0
0	235	2846.0	0
0	179	2849.0	0
0	116	2852.0	0
0	61	2855.0	0
0	58	2858.0	0
0	33	2861.0	0
1	19	2864.0	0
0	8	2867.0	0
0	8	2870.0	0
0	2	2873.0	0
0	4	2876.0	0
1	3	2879.0	0
0	0	2882.0	0
0	0	2885.0	0
0	2	2888.0	0
0	1	2891.0	0
0	0	2894.0	0
0	1	2897.0	0
0	0	2900.0	0
0	1161	2603.0	1
0	1187	2606.0	1
0	1035	2609.0	1
0	1166	2612.0	1
0	1061	2615.0	1
0	1146	2618.0	1
0	1195	2621.0	1
0	1234	2624.0	1
0	1216	2627.0	1
0	1252	2630.0	1
1	1317	2633.0	1
0	1231	2636.0	1
0	1185	2639.0	1
0	1197	2642.0	1
0	1216	2645.0	1
0	1244	2648.0	1
0	1191	2651.0	1
1	1172	2654.0	1
0	1193	2657.0	1
0	1082	2660.0	1
0	1176	2663.0	1
0	1094	2666.0	1
0	1234	2669.0	1
2	1143	2672.0	1
0	1160	2675.0	1
0	1264	2678.0	1
0	1163	2681.0	1
0	1164	2684.0	1
1	1083	2687.0	1
0	1112	2690.0	1
1	1229	2693.0	1
0	1165	2696.0	1
0	1096	2699.0	1
0	1184	2702.0	1
0	1245	2705.0	1
0	1255	2708.0	1
0	1179	2711.0	1
0	1300	2714.0	1
0	1217	2717.0	1
0	1231	2720.0	1
0	1313	2723.0	1
0	1218	2726.0	1
0	1168	2729.0	1
0	1197	2732.0	1
0	1230	2735.0	1
1	1280	2738.0	1
0	1272	2741.0	1
0	1161	2744.0	1
0	1122	2747.0	1
1	1185	2750.0	1
1	1275	2753.0	1
0	1090	2756.0	1
0	1091	2759.0	1
0	1164	2762.0	1
0	1036	2765.0	1
0	1081	2768.0	1
0	1010	2771.0	1
0	1044	2774.0	1
0	1139	2777.0	1
0	976	2780.0	1
0	955	2783.0	1
0	944	2786.0	1
0	926	2789.0	1
0	887	2792.0	1
0	816	2795.0	1
1	755	2798.0	1
2	723	2801.0	1
0	747	2804.0	1
1	781	2807.0	1
0	731	2810.0	1
0	714	2813.0	1
0	639	2816.0	1
1	559	2819.0	1
0	550	2822.0	1
1	537	2825.0	1
0	476	2828.0	1
1	384	2831.0	1
0	419	2834.0	1
0	356	2837.0	1
0	306	2840.0	1
0	262	2843.0	1
0	268	2846.0	1
2	192	2849.0	1
0	129	2852.0	1
0	74	2855.0	1
1	45	2858.0	1
0	44	2861.0	1
0	19	2864.0	1
0	8	2867.0	1
1	4	2870.0	1
0	1	2873.0	1
0	5	2876.0	1
0	3	2879.0	1
0	2	2882.0	1
1	0	2885.0	1
1	2	2888.0	1
0	0	2891.0	1
0	0	2894.0	1
0	0	2897.0	1
0	1	2900.0	1
0	1118	2603.0	2
0	1185	2606.0	2
0	1190	2609.0	2
0	1105	2612.0	2
0	1219	2615.0	2
2	1160	2618.0	2
0	1068	2621.0	2
1	1183	2624.0	2
0	1144	2627.0	2
0	1105	2630.0	2
0	1072	2633.0	2
1	1101	2636.0	2
0	1124	2639.0	2
0	1101	2642.0	2
0	1120	2645.0	2
0	1279	2648.0	2
0	1279	2651.0	2
0	1237	2654.0	2
0	1083	2657.0	2
0	1107	2660.0	2
0	1232	2663.0	2
0	1211	2666.0	2
0	1308	2669.0	2
0	1191	2672.0	2
0	1086	2675.0	2
0	1047	2678.0	2
0	1050	2681.0	2
0	1081	2684.0	2
0	1138	2687.0	2
0	1233	2690.0	2
0	1199	2693.0	2
0	1254	2696.0	2
0	1204	2699.0	2
0	1259	2702.0	2
0	1149	2705.0	2
0	1198	2708.0	2
1	1160	2711.0	2
1	1117	2714.0	2
0	1093	2717.0	2
0	1239	2720.0	2
0	1255	2723.0	2
0	1258	2726.0	2
0	1146	2729.0	2
0	1143	2732.0	2
0	1154	2735.0	2
0	1251	2738.0	2
0	1240	2741.0	2
1	1141	2744.0	2
0	1162	2747.0	2
0	1094	2750.0	2
0	1125	2753.0	2
1	1119	2756.0	2
0	1147	2759.0	2
0	1099	2762.0	2
0	1086	2765.0	2
0	1101	2768.0	2
0	982	2771.0	2
1	952	2774.0	2
0	1055	2777.0	2
0	979	2780.0	2
0	929	2783.0	2
0	1013	2786.0	2
0	880	2789.0	2
1	840	2792.0	2
0	799	2795.0	2
0	781	2798.0	2
0	773	2801.0	2
0	717	2804.0	2
0	689	2807.0	2
0	674	2810.0	2
1	625	2813.0	2
0	538	2816.0	2
0	547	2819.0	2
0	542	2822.0	2
1	486	2825.0	2
0	455	2828.0	2
0	381	2831.0	2
0	425	2834.0	2
0	372	2837.0	2
1	336	2840.0	2
1	277	2843.0	2
0	243	2846.0	2
0	184	2849.0	2
0	126	2852.0	2
0	79	2855.0	2
0	58	2858.0	2
1	45	2861.0	2
0	15	2864.0	2
0	12	2867.0	2
0	7	2870.0	2
1	9	2873.0	2
0	5	2876.0	2
0	1	2879.0	2
0	0	2882.0	2
0	1	2885.0	2
0	2	2888.0	2
1	1	2891.0	2
0	0	2894.0	2
0	0	2897.0	2
0	0	2900.0	2
1	1286	2603.0	3
0	1127	2606.0	3
0	1208	2609.0	3
0	1194	2612.0	3
0	1198	2615.0	3
0	1113	2618.0	3
0	1143	2621.0	3
0	1109	2624.0	3
1	1261	2627.0	3
0	1166	2630.0	3
0	1165	2633.0	3
0	1285	2636.0	3
0	1172	2639.0	3
0	1194	2642.0	3
0	1228	2645.0	3
1	1204	2648.0	3
0	1180	2651.0	3
0	1126	2654.0	3
0	1084	2657.0	3
1	1049	2660.0	3
0	1117	2663.0	3
0	1018	2666.0	3
0	1046	2669.0	3
0	1027	2672.0	3
1	1147	2675.0	3
0	1084	2678.0	3
0	1068	2681.0	3
0	1040	2684.0	3
0	1221	2687.0	3
0	1144	2690.0	3
0	1184	2693.0	3
1	1168	2696.0	3
0	1203	2699.0	3
0	1181	2702.0	3
0	1180	2705.0	3
1	1179	2708.0	3
1	1141	2711.0	3
0	1167	2714.0	3
1	1075	2717.0	3
0	1199	2720.0	3
0	1183	2723.0	3
0	1118	2726.0	3
0	1149	2729.0	3
0	1030	2732.0	3
0	1141	2735.0	3
0	1093	2738.0	3
0	1101	2741.0	3
0	1158	2744.0	3
0	1185	2747.0	3
0	1284	2750.0	3
0	1065	2753.0	3
0	1141	2756.0	3
3	1198	2759.0	3
0	1224	2762.0	3
0	1248	2765.0	3
0	1159	2768.0	3
2	1050	2771.0	3
0	949	2774.0	3
0	977	2777.0	3
0	815	2780.0	3
0	805	2783.0	3
0	893	2786.0	3
0	877	2789.0	3
0	812	2792.0	3
1	817	2795.0	3
0	742	2798.0	3
0	810	2801.0	3
1	739	2804.0	3
0	729	2807.0	3
0	620	2810.0	3
0	668	2813.0	3
0	615	2816.0	3
0	545	2819.0	3
0	559	2822.0	3
0	507	2825.0	3
0	384	2828.0	3
1	409	2831.0	3
0	342	2834.0	3
0	402	2837.0	3
0	311	2840.0	3
0	257	2843.0	3
1	241	2846.0	3
1	188	2849.0	3
1	133	2852.0	3
0	74	2855.0	3
0	50	2858.0	3
0	41	2861.0	3
0	19	2864.0	3
0	3	2867.0	3
0	15	2870.0	3
1	7	2873.0	3
2	2	2876.0	3
1	3	2879.0	3
0	3	2882.0	3
0	2	2885.0	3
0	1	2888.0	3
0	0	2891.0	3
1	0	2894.0	3
0	0	2897.0	3
0	0	2900.0	3
0	1136	2603.0	4
0	1326	2606.0	4
0	1157	2609.0	4
1	1167	2612.0	4
0	1202	2615.0	4
0	1204	2618.0	4
0	1190	2621.0	4
1	1111	2624.0	4
0	1270	2627.0	4
0	1246	2630.0	4
0	1262	2633.0	4
0	1090	2636.0	4
0	1245	2639.0	4
1	1158	2642.0	4
0	1126	2645.0	4
0	1175	2648.0	4
0	1051	2651.0	4
0	1100	2654.0	4
0	1128	2657.0	4
1	1044	2660.0	4
0	1115	2663.0	4
0	1113	2666.0	4
0	1025	2669.0	4
0	1108	2672.0	4
2	1079	2675.0	4
0	1180	2678.0	4
2	1140	2681.0	4
0	1139	2684.0	4
0	1115	2687.0	4
0	1125	2690.0	4
0	1137	2693.0	4
0	1132	2696.0	4
0	1187	2699.0	4
0	1266	2702.0	4
1	1135	2705.0	4
0	1255	2708.0	4
0	1257	2711.0	4
0	1173	2714.0	4
1	1302	2717.0	4
0	1185	2720.0	4
0	1280	2723.0	4
1	1272	2726.0	4
0	1223	2729.0	4
1	1227	2732.0	4
0	1241	2735.0	4
2	1141	2738.0	4
1	1203	2741.0	4
0	1234	2744.0	4
0	1232	2747.0	4
0	1131	2750.0	4
0	1158	2753.0	4
1	1138	2756.0	4
0	1094	2759.0	4
0	1198	2762.0	4
0	1132	2765.0	4
0	1192	2768.0	4
0	1037	2771.0	4
0	1053	2774.0	4
0	1026	2777.0	4
0	918	2780.0	4
0	860	2783.0	4
0	976	2786.0	4
0	891	2789.0	4
0	887	2792.0	4
0	874	2795.0	4
0	794	2798.0	4
0	947	2801.0	4
0	828	2804.0	4
0	743	2807.0	4
0	662	2810.0	4
1	676	2813.0	4
0	630	2816.0	4
1	612	2819.0	4
0	629	2822.0	4
0	579	2825.0	4
0	480	2828.0	4
0	383	2831.0	4
0	369	2834.0	4
0	362	2837.0	4
0	343	2840.0	4
0	284	2843.0	4
0	251	2846.0	4
1	209	2849.0	4
0	144	2852.0	4
0	91	2855.0	4
1	53	2858.0	4
0	36	2861.0	4
1	18	2864.0	4
2	16	2867.0	4
0	11	2870.0	4
1	6	2873.0	4
0	1	2876.0	4
0	3	2879.0	4
1	2	2882.0	4
2	0	2885.0	4
0	0	2888.0	4
0	0	2891.0	4
0	2	2894.0	4
0	0	2897.0	4
1	0	2900.0	4
1	1246	2603.0	5
2	1238	2606.0	5
0	1201	2609.0	5
0	1178	2612.0	5
0	1247	2615.0	5
1	1197	2618.0	5
0	1253	2621.0	5
0	1208	2624.0	5
0	1110	2627.0	5
0	1239	2630.0	5
0	1226	2633.0	5
0	1077	2636.0	5
0	1179	2639.0	5
0	1211	2642.0	5
2	1132	2645.0	5
0	1168	2648.0	5
0	1275	2651.0	5
0	1290	2654.0	5
1	1175	2657.0	5
0	1129	2660.0	5
0	1156	2663.0	5
1	1084	2666.0	5
0	1171	2669.0	5
2	1115	2672.0	5
0	1056	2675.0	5
0	1162	2678.0	5
0	1124	2681.0	5
0	1214	2684.0	5
0	1132	2687.0	5
0	1125	2690.0	5
0	1092	2693.0	5
0	1167	2696.0	5
0	1137	2699.0	5
0	1189	2702.0	5
0	1204	2705.0	5
0	1237	2708.0	5
1	1229	2711.0	5
0	1207	2714.0	5
0	1219	2717.0	5
0	1162	2720.0	5
0	1155	2723.0	5
0	1186	2726.0	5
0	1053	2729.0	5
0	1146	2732.0	5
0	1073	2735.0	5
0	1098	2738.0	5
0	1024	2741.0	5
1	1168	2744.0	5
0	1110	2747.0	5
0	1072	2750.0	5
0	1062	2753.0	5
0	1144	2756.0	5
0	1061	2759.0	5
1	936	2762.0	5
0	1015	2765.0	5
0	1040	2768.0	5
0	1072	2771.0	5
0	869	2774.0	5
1	946	2777.0	5
0	969	2780.0	5
1	832	2783.0	5
1	880	2786.0	5
1	856	2789.0	5
0	803	2792.0	5
0	786	2795.0	5
0	733	2798.0	5
0	815	2801.0	5
0	718	2804.0	5
0	744	2807.0	5
0	750	2810.0	5
0	792	2813.0	5
0	642	2816.0	5
2	572	2819.0	5
0	553	2822.0	5
1	483	2825.0	5
0	422	2828.0	5
0	408	2831.0	5
0	391	2834.0	5
0	379	2837.0	5
0	312	2840.0	5
0	258	2843.0	5
1	242	2846.0	5
0	171	2849.0	5
0	104	2852.0	5
0	65	2855.0	5
0	46	2858.0	5
0	40	2861.0	5
0	21	2864.0	5
0	9	2867.0	5
0	11	2870.0	5
1	11	2873.0	5
1	7	2876.0	5
1	2	2879.0	5
0	1	2882.0	5
0	1	2885.0	5
0	0	2888.0	5
1	2	2891.0	5
2	0	2894.0	5
0	0	2897.0	5
0	0	2900.0	5
1	1121	2603.0	6
1	1164	2606.0	6
1	1157	2609.0	6
2	1119	2612.0	6
0	1091	2615.0	6
0	1261	2618.0	6
0	1215	2621.0	6
0	1197	2624.0	6
0	1187	2627.0	6
1	1154	2630.0	6
0	1004	2633.0	6
1	1107	2636.0	6
0	1159	2639.0	6
2	1197	2642.0	6
0	1204	2645.0	6
0	1073	2648.0	6
0	1137	2651.0	6
0	1037	2654.0	6
1	1097	2657.0	6
0	1072	2660.0	6
0	1117	2663.0	6
0	1191	2666.0	6
0	1207	2669.0	6
1	1057	2672.0	6
1	1147	2675.0	6
0	1138	2678.0	6
0	1052	2681.0	6
0	1027	2684.0	6
0	1057	2687.0	6
0	1183	2690.0	6
0	1209	2693.0	6
0	1094	2696.0	6
0	1105	2699.0	6
0	1153	2702.0	6
0	1273	2705.0	6
0	1180	2708.0	6
0	1200	2711.0	6
1	1203	2714.0	6
0	1152	2717.0	6
0	1220	2720.0	6
0	1115	2723.0	6
0	976	2726.0	6
0	1200	2729.0	6
0	1164	2732.0	6
0	1212	2735.0	6
0	1358	2738.0	6
0	1144	2741.0	6
1	1155	2744.0	6
0	1194	2747.0	6
1	1244	2750.0	6
0	1233	2753.0	6
0	1216	2756.0	6
0	1099	2759.0	6
0	1080	2762.0	6
0	1020	2765.0	6
0	1002	2768.0	6
0	980	2771.0	6
0	963	2774.0	6
0	901	2777.0	6
0	948	2780.0	6
0	958	2783.0	6
1	918	2786.0	6
1	878	2789.0	6
0	766	2792.0	6
0	890	2795.0	6
0	758	2798.0	6
0	823	2801.0	6
0	795	2804.0	6
0	747	2807.0	6
0	693	2810.0	6
0	758	2813.0	6
1	640	2816.0	6
0	642	2819.0	6
0	647	2822.0	6
1	534	2825.0	6
0	539	2828.0	6
0	442	2831.0	6
0	423	2834.0	6
0	369	2837.0	6
0	335	2840.0	6
0	247	2843.0	6
1	204	2846.0	6
0	203	2849.0	6
0	97	2852.0	6
0	68	2855.0	6
0	58	2858.0	6
0	36	2861.0	6
0	20	2864.0	6
0	11	2867.0	6
0	3	2870.0	6
1	5	2873.0	6
0	6	2876.0	6
0	0	2879.0	6
0	1	2882.0	6
0	2	2885.0	6
0	0	2888.0	6
0	0	2891.0	6
0	0	2894.0	6
1	1	2897.0	6
0	0	2900.0	6
0	1175	2603.0	7
0	1149	2606.0	7
0	1159	2609.0	7
0	1202	2612.0	7
0	1108	2615.0	7
0	1090	2618.0	7
0	1128	2621.0	7
0	1049	2624.0	7
0	1120	2627.0	7
0	1125	2630.0	7
2	1230	2633.0	7
0	1222	2636.0	7
0	1185	2639.0	7
0	1364	2642.0	7
1	1236	2645.0	7
0	1140	2648.0	7
0	1094	2651.0	7
1	1107	2654.0	7
0	1148	2657.0	7
0	1189	2660.0	7
0	1045	2663.0	7
0	1150	2666.0	7
0	1124	2669.0	7
1	1121	2672.0	7
0	1180	2675.0	7
0	1187	2678.0	7
0	1180	2681.0	7
0	1106	2684.0	7
0	1128	2687.0	7
0	1148	2690.0	7
0	1147	2693.0	7
1	1083	2696.0	7
0	1025	2699.0	7
0	1088	2702.0	7
1	1117	2705.0	7
1	1181	2708.0	7
0	1108	2711.0	7
0	1180	2714.0	7
1	1112	2717.0	7
1	1051	2720.0	7
0	1074	2723.0	7
0	1072	2726.0	7
0	1055	2729.0	7
0	1081	2732.0	7
0	1021	2735.0	7
0	1007	2738.0	7
0	1101	2741.0	7
0	1026	2744.0	7
1	1173	2747.0	7
0	1127	2750.0	7
1	1142	2753.0	7
0	1131	2756.0	7
0	1124	2759.0	7
0	1029	2762.0	7
1	1123	2765.0	7
0	1127	2768.0	7
0	1072	2771.0	7
0	1080	2774.0	7
0	1085	2777.0	7
0	1027	2780.0	7
0	924	2783.0	7
0	861	2786.0	7
0	913	2789.0	7
0	967	2792.0	7
0	925	2795.0	7
1	905	2798.0	7
1	831	2801.0	7
1	755	2804.0	7
0	735	2807.0	7
0	720	2810.0	7
1	687	2813.0	7
0	640	2816.0	7
0	619	2819.0	7
0	643	2822.0	7
0	613	2825.0	7
0	535	2828.0	7
1	412	2831.0	7
0	398	2834.0	7
0	385	2837.0	7
1	355	2840.0	7
1	256	2843.0	7
1	247	2846.0	7
0	173	2849.0	7
1	130	2852.0	7
0	74	2855.0	7
0	56	2858.0	7
0	40	2861.0	7
0	14	2864.0	7
2	16	2867.0	7
0	9	2870.0	7
0	7	2873.0	7
0	6	2876.0	7
0	3	2879.0	7
0	2	2882.0	7
0	1	2885.0	7
0	2	2888.0	7
0	1	2891.0	7
0	1	2894.0	7
1	1	2897.0	7
0	0	2900.0	7
0	1125	2603.0	8
0	1185	2606.0	8
0	1115	2609.0	8
0	1060	2612.0	8
0	1002	2615.0	8
0	1028	2618.0	8
0	1104	2621.0	8
0	1063	2624.0	8
0	1102	2627.0	8
1	1117	2630.0	8
0	1030	2633.0	8
0	1073	2636.0	8
1	1102	2639.0	8
1	1091	2642.0	8
0	1078	2645.0	8
1	1045	2648.0	8
1	1052	2651.0	8
1	1063	2654.0	8
0	1082	2657.0	8
0	1073	2660.0	8
0	1136	2663.0	8
0	1210	2666.0	8
0	1250	2669.0	8
0	1198	2672.0	8
0	1165	2675.0	8
0	1131	2678.0	8
1	1067	2681.0	8
0	1151	2684.0	8
0	1101	2687.0	8
0	1071	2690.0	8
2	1146	2693.0	8
0	1106	2696.0	8
0	1164	2699.0	8
0	1180	2702.0	8
1	1213	2705.0	8
0	1096	2708.0	8
0	1025	2711.0	8
0	1018	2714.0	8
0	1085	2717.0	8
0	1127	2720.0	8
1	1225	2723.0	8
0	1280	2726.0	8
1	1170	2729.0	8
0	1189	2732.0	8
1	1231	2735.0	8
0	1244	2738.0	8
0	1155	2741.0	8
0	1127	2744.0	8
0	1125	2747.0	8
1	1146	2750.0	8
0	1239	2753.0	8
1	1340	2756.0	8
0	1164	2759.0	8
0	1234	2762.0	8
1	1116	2765.0	8
0	1164	2768.0	8
0	976	2771.0	8
0	1014	2774.0	8
1	942	2777.0	8
0	872	2780.0	8
0	879	2783.0	8
0	849	2786.0	8
0	926	2789.0	8
0	860	2792.0	8
0	817	2795.0	8
0	773	2798.0	8
0	714	2801.0	8
0	736	2804.0	8
0	744	2807.0	8
0	658	2810.0	8
0	684	2813.0	8
0	635	2816.0	8
0	664	2819.0	8
0	672	2822.0	8
0	602	2825.0	8
0	492	2828.0	8
1	537	2831.0	8
0	437	2834.0	8
0	439	2837.0	8
1	321	2840.0	8
0	266	2843.0	8
0	214	2846.0	8
0	180	2849.0	8
0	114	2852.0	8
0	61	2855.0	8
0	47	2858.0	8
1	37	2861.0	8
0	23	2864.0	8
0	12	2867.0	8
0	6	2870.0	8
0	5	2873.0	8
1	4	2876.0	8
0	2	2879.0	8
2	1	2882.0	8
0	1	2885.0	8
0	0	2888.0	8
1	1	2891.0	8
0	1	2894.0	8
0	0	2897.0	8
0	0	2900.0	8
1	1071	2603.0	9
0	1058	2606.0	9
0	1111	2609.0	9
0	1209	2612.0	9
0	1203	2615.0	9
0	1246	2618.0	9
0	1057	2621.0	9
0	1048	2624.0	9
0	1161	2627.0	9
1	1010	2630.0	9
0	1036	2633.0	9
0	1090	2636.0	9
0	1170	2639.0	9
0	1185	2642.0	9
2	1247	2645.0	9
0	1163	2648.0	9
0	1242	2651.0	9
0	1183	2654.0	9
0	1167	2657.0	9
0	1105	2660.0	9
0	1221	2663.0	9
0	1107	2666.0	9
0	1101	2669.0	9
0	1252	2672.0	9
0	1206	2675.0	9
2	1023	2678.0	9
0	1136	2681.0	9
0	1261	2684.0	9
0	1292	2687.0	9
0	1101	2690.0	9
0	1087	2693.0	9
0	976	2696.0	9
0	1086	2699.0	9
0	1149	2702.0	9
0	1114	2705.0	9
0	1064	2708.0	9
0	1178	2711.0	9
0	1140	2714.0	9
0	1222	2717.0	9
1	1277	2720.0	9
0	1123	2723.0	9
1	1172	2726.0	9
1	1212	2729.0	9
0	1360	2732.0	9
0	1138	2735.0	9
2	1280	2738.0	9
1	1133	2741.0	9
1	1157	2744.0	9
0	1223	2747.0	9
0	1252	2750.0	9
0	1199	2753.0	9
0	1182	2756.0	9
0	1227	2759.0	9
0	1124	2762.0	9
0	1051	2765.0	9
0	1058	2768.0	9
0	1005	2771.0	9
0	967	2774.0	9
0	971	2777.0	9
0	889	2780.0	9
1	813	2783.0	9
0	863	2786.0	9
0	763	2789.0	9
0	844	2792.0	9
0	847	2795.0	9
1	736	2798.0	9
0	795	2801.0	9
0	759	2804.0	9
1	780	2807.0	9
0	712	2810.0	9
1	725	2813.0	9
0	629	2816.0	9
0	623	2819.0	9
0	609	2822.0	9
0	556	2825.0	9
0	535	2828.0	9
0	498	2831.0	9
0	417	2834.0	9
1	369	2837.0	9
0	318	2840.0	9
0	266	2843.0	9
1	211	2846.0	9
0	198	2849.0	9
1	116	2852.0	9
0	53	2855.0	9
0	58	2858.0	9
0	38	2861.0	9
0	16	2864.0	9
0	8	2867.0	9
0	7	2870.0	9
1	6	2873.0	9
0	3	2876.0	9
0	3	2879.0	9
0	1	2882.0	9
1	2	2885.0	9
0	1	2888.0	9
0	0	2891.0	9
0	1	2894.0	9
0	0	2897.0	9
0	0	2900.0	9
1	1097	2603.0	10
0	1060	2606.0	10
1	1051	2609.0	10
0	1135	2612.0	10
0	1192	2615.0	10
0	1213	2618.0	10
0	1161	2621.0	10
0	1200	2624.0	10
1	1186	2627.0	10
1	1251	2630.0	10
0	1165	2633.0	10
0	1162	2636.0	10
0	1158	2639.0	10
0	1123	2642.0	10
0	1254	2645.0	10
0	1161	2648.0	10
0	1169	2651.0	10
1	1098	2654.0	10
0	1175	2657.0	10
0	1069	2660.0	10
1	1195	2663.0	10
0	1033	2666.0	10
0	1027	2669.0	10
0	1070	2672.0	10
0	1073	2675.0	10
0	1094	2678.0	10
0	1060	2681.0	10
0	1044	2684.0	10
0	1135	2687.0	10
0	1241	2690.0	10
0	1175	2693.0	10
0	1180	2696.0	10
0	1189	2699.0	10
0	1212	2702.0	10
1	1264	2705.0	10
0	1216	2708.0	10
3	1238	2711.0	10
0	1057	2714.0	10
0	1082	2717.0	10
1	1066	2720.0	10
0	1082	2723.0	10
0	1173	2726.0	10
0	1120	2729.0	10
0	1136	2732.0	10
0	1111	2735.0	10
0	1118	2738.0	10
0	1101	2741.0	10
0	1005	2744.0	10
1	1116	2747.0	10
0	1158	2750.0	10
0	1074	2753.0	10
0	1169	2756.0	10
1	1041	2759.0	10
1	1177	2762.0	10
0	1191	2765.0	10
0	1224	2768.0	10
0	1186	2771.0	10
0	1135	2774.0	10
0	1126	2777.0	10
0	960	2780.0	10
0	968	2783.0	10
0	957	2786.0	10
0	849	2789.0	10
0	893	2792.0	10
0	925	2795.0	10
0	880	2798.0	10
0	897	2801.0	10
1	785	2804.0	10
0	700	2807.0	10
1	746	2810.0	10
0	703	2813.0	10
0	646	2816.0	10
0	614	2819.0	10
0	549	2822.0	10
0	526	2825.0	10
0	515	2828.0	10
0	469	2831.0	10
0	405	2834.0	10
0	389	2837.0	10
0	326	2840.0	10
0	284	2843.0	10
0	266	2846.0	10
0	174	2849.0	10
0	122	2852.0	10
0	73	2855.0	10
0	60	2858.0	10
0	48	2861.0	10
0	20	2864.0	10
1	7	2867.0	10
0	10	2870.0	10
0	10	2873.0	10
0	3	2876.0	10
1	3	2879.0	10
0	3	2882.0	10
0	0	2885.0	10
1	0	2888.0	10
0	0	2891.0	10
0	0	2894.0	10
0	1	2897.0	10
0	0	2900.0	10
1	1264	2603.0	11
0	1225	2606.0	11
1	1177	2609.0	11
0	1136	2612.0	11
2	1173	2615.0	11
0	1189	2618.0	11
0	1178	2621.0	11
1	1105	2624.0	11
0	1064	2627.0	11
1	1079	2630.0	11
1	1078	2633.0	11
0	1137	2636.0	11
0	1161	2639.0	11
1	1161	2642.0	11
0	1196	2645.0	11
0	1128	2648.0	11
0	1219	2651.0	11
0	1149	2654.0	11
0	1146	2657.0	11
0	1262	2660.0	11
0	1171	2663.0	11
0	1203	2666.0	11
2	1222	2669.0	11
0	1309	2672.0	11
0	1282	2675.0	11
0	1186	2678.0	11
0	1210	2681.0	11
1	1226	2684.0	11
0	1126	2687.0	11
0	1142	2690.0	11
0	1103	2693.0	11
0	1113	2696.0	11
1	1161	2699.0	11
0	1144	2702.0	11
0	1070	2705.0	11
0	1176	2708.0	11
1	1120	2711.0	11
0	1134	2714.0	11
0	1198	2717.0	11
1	1132	2720.0	11
0	1235	2723.0	11
0	1206	2726.0	11
1	1258	2729.0	11
0	1279	2732.0	11
0	1214	2735.0	11
0	1121	2738.0	11
0	1231	2741.0	11
0	1128	2744.0	11
1	1215	2747.0	11
0	1262	2750.0	11
0	1231	2753.0	11
0	1225	2756.0	11
1	1191	2759.0	11
1	1233	2762.0	11
1	1142	2765.0	11
1	1117	2768.0	11
0	1139	2771.0	11
0	1129	2774.0	11
0	1014	2777.0	11
0	962	2780.0	11
0	926	2783.0	11
0	847	2786.0	11
0	809	2789.0	11
1	773	2792.0	11
1	755	2795.0	11
0	763	2798.0	11
0	798	2801.0	11
1	799	2804.0	11
0	785	2807.0	11
0	758	2810.0	11
0	758	2813.0	11
0	594	2816.0	11
0	553	2819.0	11
0	511	2822.0	11
0	573	2825.0	11
0	475	2828.0	11
0	447	2831.0	11
0	398	2834.0	11
0	390	2837.0	11
0	347	2840.0	11
0	300	2843.0	11
0	211	2846.0	11
0	191	2849.0	11
0	104	2852.0	11
0	60	2855.0	11
0	46	2858.0	11
0	35	2861.0	11
1	21	2864.0	11
1	7	2867.0	11
0	13	2870.0	11
0	8	2873.0	11
0	4	2876.0	11
0	3	2879.0	11
0	2	2882.0	11
0	0	2885.0	11
0	0	2888.0	11
0	0	2891.0	11
1	1	2894.0	11
0	0	2897.0	11
0	1	2900.0	11
0	1156	2603.0	12
0	1164	2606.0	12
1	1212	2609.0	12
0	1102	2612.0	12
0	1259	2615.0	12
1	1175	2618.0	12
0	1189	2621.0	12
0	1138	2624.0	12
0	1129	2627.0	12
0	1278	2630.0	12
0	1235	2633.0	12
1	1165	2636.0	12
1	1209	2639.0	12
0	1112	2642.0	12
1	1330	2645.0	12
0	1260	2648.0	12
0	1208	2651.0	12
0	1265	2654.0	12
0	1216	2657.0	12
0	1301	2660.0	12
0	1214	2663.0	12
0	1195	2666.0	12
0	1252	2669.0	12
0	1265	2672.0	12
1	1129	2675.0	12
0	1282	2678.0	12
1	1071	2681.0	12
0	1113	2684.0	12
0	1102	2687.0	12
0	1070	2690.0	12
0	1130	2693.0	12
0	1119	2696.0	12
0	1084	2699.0	12
1	1213	2702.0	12
0	1154	2705.0	12
0	1217	2708.0	12
0	1187	2711.0	12
0	1168	2714.0	12
1	1104	2717.0	12
2	1074	2720.0	12
0	1102	2723.0	12
0	1179	2726.0	12
1	1111	2729.0	12
0	1103	2732.0	12
0	1017	2735.0	12
0	1163	2738.0	12
0	1088	2741.0	12
0	1089	2744.0	12
0	1222	2747.0	12
1	1242	2750.0	12
1	1258	2753.0	12
0	1248	2756.0	12
0	1174	2759.0	12
0	1241	2762.0	12
0	1173	2765.0	12
1	1237	2768.0	12
0	1106	2771.0	12
0	1062	2774.0	12
0	1010	2777.0	12
0	894	2780.0	12
0	787	2783.0	12
0	910	2786.0	12
0	940	2789.0	12
1	884	2792.0	12
0	812	2795.0	12
1	769	2798.0	12
0	700	2801.0	12
1	706	2804.0	12
1	662	2807.0	12
0	681	2810.0	12
0	694	2813.0	12
1	647	2816.0	12
0	543	2819.0	12
0	503	2822.0	12
0	525	2825.0	12
0	470	2828.0	12
0	431	2831.0	12
0	378	2834.0	12
0	362	2837.0	12
0	292	2840.0	12
0	266	2843.0	12
1	237	2846.0	12
0	181	2849.0	12
0	125	2852.0	12
0	64	2855.0	12
0	50	2858.0	12
1	31	2861.0	12
0	13	2864.0	12
0	8	2867.0	12
0	9	2870.0	12
0	4	2873.0	12
0	4	2876.0	12
0	3	2879.0	12
0	1	2882.0	12
2	0	2885.0	12
2	0	2888.0	12
0	0	2891.0	12
0	0	2894.0	12
0	0	2897.0	12
0	0	2900.0	12
0	1198	2603.0	13
0	1220	2606.0	13
0	1224	2609.0	13
0	1280	2612.0	13
0	1134	2615.0	13
0	1223	2618.0	13
0	1180	2621.0	13
0	1180	2624.0	13
0	1270	2627.0	13
0	1304	2630.0	13
0	1210	2633.0	13
0	1187	2636.0	13
0	1209	2639.0	13
0	1191	2642.0	13
1	1237	2645.0	13
1	1204	2648.0	13
1	1189	2651.0	13
0	1245	2654.0	13
1	1137	2657.0	13
0	1129	2660.0	13
1	1222	2663.0	13
1	1183	2666.0	13
0	1274	2669.0	13
1	1212	2672.0	13
0	1264	2675.0	13
0	1097	2678.0	13
0	1117	2681.0	13
0	1167	2684.0	13
0	1111	2687.0	13
0	1135	2690.0	13
0	1180	2693.0	13
0	1139	2696.0	13
0	1152	2699.0	13
0	1141	2702.0	13
0	1128	2705.0	13
1	1063	2708.0	13
0	1151	2711.0	13
2	1188	2714.0	13
0	1077	2717.0	13
1	1177	2720.0	13
1	1032	2723.0	13
0	1096	2726.0	13
0	1198	2729.0	13
1	1281	2732.0	13
0	1261	2735.0	13
0	1303	2738.0	13
0	1280	2741.0	13
0	1087	2744.0	13
0	1200	2747.0	13
0	1265	2750.0	13
0	1172	2753.0	13
0	1218	2756.0	13
0	1157	2759.0	13
0	1206	2762.0	13
0	1222	2765.0	13
0	1100	2768.0	13
0	1197	2771.0	13
0	1038	2774.0	13
0	1042	2777.0	13
0	902	2780.0	13
0	892	2783.0	13
0	814	2786.0	13
0	864	2789.0	13
0	810	2792.0	13
0	857	2795.0	13
0	769	2798.0	13
0	757	2801.0	13
0	761	2804.0	13
0	691	2807.0	13
0	617	2810.0	13
0	616	2813.0	13
1	602	2816.0	13
0	653	2819.0	13
0	585	2822.0	13
0	557	2825.0	13
1	570	2828.0	13
0	431	2831.0	13
0	439	2834.0	13
1	392	2837.0	13
0	309	2840.0	13
0	277	2843.0	13
0	218	2846.0	13
0	181	2849.0	13
0	136	2852.0	13
0	70	2855.0	13
1	75	2858.0	13
0	40	2861.0	13
0	13	2864.0	13
0	8	2867.0	13
0	10	2870.0	13
0	10	2873.0	13
0	7	2876.0	13
0	1	2879.0	13
0	3	2882.0	13
0	0	2885.0	13
0	0	2888.0	13
1	0	2891.0	13
0	1	2894.0	13
0	0	2897.0	13
1	1	2900.0	13
1	1277	2603.0	14
0	1254	2606.0	14
0	1125	2609.0	14
0	1189	2612.0	14
0	1148	2615.0	14
0	1013	2618.0	14
0	1082	2621.0	14
0	1178	2624.0	14
0	1276	2627.0	14
3	1201	2630.0	14
0	1168	2633.0	14
1	1202	2636.0	14
0	1172	2639.0	14
0	1183	2642.0	14
0	1155	2645.0	14
0	1113	2648.0	14
1	1188	2651.0	14
0	1101	2654.0	14
0	1076	2657.0	14
1	1071	2660.0	14
0	1141	2663.0	14
0	1047	2666.0	14
1	1126	2669.0	14
0	1189	2672.0	14
0	1179	2675.0	14
0	1166	2678.0	14
0	1187	2681.0	14
0	1193	2684.0	14
0	1097	2687.0	14
1	1134	2690.0	14
1	1106	2693.0	14
1	1065	2696.0	14
0	1090	2699.0	14
0	1140	2702.0	14
0	1103	2705.0	14
0	1139	2708.0	14
0	1150	2711.0	14
0	1232	2714.0	14
0	1220	2717.0	14
0	1151	2720.0	14
0	1041	2723.0	14
0	1051	2726.0	14
1	1083	2729.0	14
0	1233	2732.0	14
1	1134	2735.0	14
0	1212	2738.0	14
0	1261	2741.0	14
1	1161	2744.0	14
0	1166	2747.0	14
1	1164	2750.0	14
0	1107	2753.0	14
0	1145	2756.0	14
0	1114	2759.0	14
0	1192	2762.0	14
0	1161	2765.0	14
1	1123	2768.0	14
0	986	2771.0	14
0	896	2774.0	14
0	910	2777.0	14
0	988	2780.0	14
0	1036	2783.0	14
0	950	2786.0	14
0	925	2789.0	14
0	846	2792.0	14
0	763	2795.0	14
0	791	2798.0	14
0	729	2801.0	14
0	709	2804.0	14
0	731	2807.0	14
0	696	2810.0	14
0	685	2813.0	14
0	638	2816.0	14
0	590	2819.0	14
0	544	2822.0	14
0	541	2825.0	14
1	464	2828.0	14
0	407	2831.0	14
0	407	2834.0	14
0	387	2837.0	14
0	300	2840.0	14
1	245	2843.0	14
0	196	2846.0	14
0	172	2849.0	14
0	126	2852.0	14
1	76	2855.0	14
0	60	2858.0	14
0	34	2861.0	14
0	24	2864.0	14
2	5	2867.0	14
0	9	2870.0	14
2	5	2873.0	14
1	3	2876.0	14
0	1	2879.0	14
0	1	2882.0	14
0	2	2885.0	14
0	1	2888.0	14
0	1	2891.0	14
0	1	2894.0	14
0	2	2897.0	14
0	1	2900.0	14
0	1138	2603.0	15
0	1176	2606.0	15
1	1146	2609.0	15
0	1183	2612.0	15
0	1015	2615.0	15
0	1092	2618.0	15
0	1011	2621.0	15
0	971	2624.0	15
0	1132	2627.0	15
0	1172	2630.0	15
1	1028	2633.0	15
1	1055	2636.0	15
0	1038	2639.0	15
0	1150	2642.0	15
0	1113	2645.0	15
0	1225	2648.0	15
0	1286	2651.0	15
1	1181	2654.0	15
1	1267	2657.0	15
0	1296	2660.0	15
0	1297	2663.0	15
1	1281	2666.0	15
0	1234	2669.0	15
1	1331	2672.0	15
0	1245	2675.0	15
0	1248	2678.0	15
0	1260	2681.0	15
0	1363	2684.0	15
0	1296	2687.0	15
0	1255	2690.0	15
0	1204	2693.0	15
0	1130	2696.0	15
0	1355	2699.0	15
0	1238	2702.0	15
0	1138	2705.0	15
0	1199	2708.0	15
0	1083	2711.0	15
0	1184	2714.0	15
0	1152	2717.0	15
0	1182	2720.0	15
1	1053	2723.0	15
0	1175	2726.0	15
1	1098	2729.0	15
0	1021	2732.0	15
1	1113	2735.0	15
0	1125	2738.0	15
0	1173	2741.0	15
1	1192	2744.0	15
0	1072	2747.0	15
0	1024	2750.0	15
1	1142	2753.0	15
0	1080	2756.0	15
1	1044	2759.0	15
0	1156	2762.0	15
0	1111	2765.0	15
1	1059	2768.0	15
0	1080	2771.0	15
0	1031	2774.0	15
0	1027	2777.0	15
0	958	2780.0	15
0	1041	2783.0	15
0	1034	2786.0	15
0	973	2789.0	15
0	907	2792.0	15
0	831	2795.0	15
0	812	2798.0	15
1	775	2801.0	15
0	796	2804.0	15
0	798	2807.0	15
0	730	2810.0	15
1	719	2813.0	15
0	673	2816.0	15
0	716	2819.0	15
0	641	2822.0	15
0	583	2825.0	15
0	495	2828.0	15
0	439	2831.0	15
0	404	2834.0	15
0	418	2837.0	15
0	328	2840.0	15
0	258	2843.0	15
2	205	2846.0	15
0	207	2849.0	15
1	116	2852.0	15
0	76	2855.0	15
0	50	2858.0	15
0	38	2861.0	15
1	23	2864.0	15
1	4	2867.0	15
0	7	2870.0	15
1	7	2873.0	15
0	4	2876.0	15
0	2	2879.0	15
0	1	2882.0	15
0	0	2885.0	15
0	2	2888.0	15
0	0	2891.0	15
0	0	2894.0	15
0	1	2897.0	15
0	0	2900.0	15
1	1218	2603.0	16
0	1282	2606.0	16
0	1130	2609.0	16
0	1167	2612.0	16
0	1119	2615.0	16
1	1126	2618.0	16
1	1173	2621.0	16
0	1165	2624.0	16
0	1206	2627.0	16
0	1065	2630.0	16
0	1032	2633.0	16
1	1055	2636.0	16
0	1145	2639.0	16
1	1176	2642.0	16
0	1152	2645.0	16
0	1113	2648.0	16
0	1125	2651.0	16
0	1089	2654.0	16
0	1099	2657.0	16
0	1077	2660.0	16
0	1122	2663.0	16
0	1121	2666.0	16
0	1239	2669.0	16
0	1237	2672.0	16
0	1212	2675.0	16
0	1195	2678.0	16
0	1104	2681.0	16
2	1033	2684.0	16
0	1094	2687.0	16
0	1061	2690.0	16
0	1139	2693.0	16
0	1133	2696.0	16
0	1135	2699.0	16
1	1305	2702.0	16
0	1170	2705.0	16
0	1150	2708.0	16
0	1068	2711.0	16
0	1092	2714.0	16
0	1097	2717.0	16
0	1125	2720.0	16
0	1056	2723.0	16
0	1077	2726.0	16
0	1008	2729.0	16
0	1092	2732.0	16
0	1085	2735.0	16
1	1006	2738.0	16
1	1224	2741.0	16
0	984	2744.0	16
0	1118	2747.0	16
0	1006	2750.0	16
1	1068	2753.0	16
1	1070	2756.0	16
0	1070	2759.0	16
0	1087	2762.0	16
0	1046	2765.0	16
0	1123	2768.0	16
0	1037	2771.0	16
0	1108	2774.0	16
1	1109	2777.0	16
0	932	2780.0	16
0	860	2783.0	16
0	841	2786.0	16
0	826	2789.0	16
0	814	2792.0	16
0	832	2795.0	16
0	837	2798.0	16
0	836	2801.0	16
0	795	2804.0	16
0	684	2807.0	16
0	644	2810.0	16
2	586	2813.0	16
0	627	2816.0	16
0	571	2819.0	16
0	634	2822.0	16
2	598	2825.0	16
0	519	2828.0	16
0	465	2831.0	16
0	431	2834.0	16
0	426	2837.0	16
0	369	2840.0	16
0	256	2843.0	16
0	219	2846.0	16
0	146	2849.0	16
0	110	2852.0	16
0	52	2855.0	16
0	32	2858.0	16
0	38	2861.0	16
0	15	2864.0	16
0	12	2867.0	16
1	10	2870.0	16
1	4	2873.0	16
0	4	2876.0	16
1	1	2879.0	16
0	2	2882.0	16
1	1	2885.0	16
0	0	2888.0	16
0	2	2891.0	16
0	0	2894.0	16
0	0	2897.0	16
0	1	2900.0	16
0	1125	2603.0	17
1	1213	2606.0	17
0	1149	2609.0	17
0	1128	2612.0	17
0	1234	2615.0	17
0	1254	2618.0	17
0	1301	2621.0	17
0	1145	2624.0	17
2	1213	2627.0	17
0	1160	2630.0	17
0	1064	2633.0	17
0	1216	2636.0	17
0	1218	2639.0	17
0	1205	2642.0	17
0	1192	2645.0	17
0	1139	2648.0	17
0	1180	2651.0	17
0	1285	2654.0	17
0	1179	2657.0	17
0	1258	2660.0	17
0	1165	2663.0	17
0	1170	2666.0	17
0	1038	2669.0	17
0	1152	2672.0	17
0	1262	2675.0	17
0	1163	2678.0	17
0	1174	2681.0	17
0	1198	2684.0	17
0	1192	2687.0	17
0	1237	2690.0	17
2	1039	2693.0	17
0	1037	2696.0	17
1	1044	2699.0	17
0	1115	2702.0	17
0	1030	2705.0	17
0	1065	2708.0	17
0	1156	2711.0	17
0	1110	2714.0	17
1	1090	2717.0	17
1	1085	2720.0	17
0	1164	2723.0	17
0	1186	2726.0	17
1	1239	2729.0	17
0	1309	2732.0	17
0	1169	2735.0	17
0	1177	2738.0	17
0	1168	2741.0	17
0	1160	2744.0	17
0	1069	2747.0	17
0	1010	2750.0	17
1	1033	2753.0	17
0	1110	2756.0	17
0	1152	2759.0	17
0	1054	2762.0	17
1	1035	2765.0	17
0	1016	2768.0	17
0	913	2771.0	17
1	954	2774.0	17
1	888	2777.0	17
0	961	2780.0	17
0	864	2783.0	17
1	802	2786.0	17
0	938	2789.0	17
0	849	2792.0	17
0	728	2795.0	17
1	790	2798.0	17
0	790	2801.0	17
2	761	2804.0	17
1	609	2807.0	17
2	641	2810.0	17
1	671	2813.0	17
0	676	2816.0	17
0	574	2819.0	17
1	549	2822.0	17
0	517	2825.0	17
0	547	2828.0	17
0	501	2831.0	17
0	448	2834.0	17
0	357	2837.0	17
1	341	2840.0	17
0	242	2843.0	17
0	211	2846.0	17
0	181	2849.0	17
0	127	2852.0	17
0	73	2855.0	17
0	44	2858.0	17
1	29	2861.0	17
0	15	2864.0	17
1	11	2867.0	17
1	9	2870.0	17
1	5	2873.0	17
1	5	2876.0	17
1	1	2879.0	17
1	1	2882.0	17
1	0	2885.0	17
1	0	2888.0	17
0	1	2891.0	17
0	0	2894.0	17
0	0	2897.0	17
0	0	2900.0	17
0	1081	2603.0	18
0	1082	2606.0	18
0	1163	2609.0	18
0	1181	2612.0	18
0	1019	2615.0	18
0	1097	2618.0	18
1	1271	2621.0	18
0	1228	2624.0	18
0	1206	2627.0	18
0	1175	2630.0	18
0	1097	2633.0	18
0	1106	2636.0	18
0	1062	2639.0	18
0	1142	2642.0	18
0	1025	2645.0	18
0	1027	2648.0	18
0	1069	2651.0	18
0	993	2654.0	18
1	1062	2657.0	18
0	1070	2660.0	18
0	1053	2663.0	18
0	1041	2666.0	18
0	1035	2669.0	18
0	1047	2672.0	18
0	1125	2675.0	18
0	1058	2678.0	18
1	1228	2681.0	18
1	1101	2684.0	18
0	1093	2687.0	18
0	1205	2690.0	18
0	1160	2693.0	18
1	1101	2696.0	18
0	1104	2699.0	18
0	1087	2702.0	18
1	1185	2705.0	18
0	1216	2708.0	18
0	1240	2711.0	18
0	1230	2714.0	18
0	1237	2717.0	18
0	1213	2720.0	18
1	1237	2723.0	18
0	1287	2726.0	18
0	1159	2729.0	18
0	1222	2732.0	18
1	1128	2735.0	18
0	1168	2738.0	18
0	1228	2741.0	18
0	1312	2744.0	18
0	1181	2747.0	18
0	1228	2750.0	18
0	1132	2753.0	18
0	1048	2756.0	18
0	1186	2759.0	18
0	1160	2762.0	18
0	1114	2765.0	18
0	1007	2768.0	18
1	1099	2771.0	18
0	1119	2774.0	18
1	1017	2777.0	18
1	916	2780.0	18
1	810	2783.0	18
1	801	2786.0	18
0	802	2789.0	18
0	801	2792.0	18
0	837	2795.0	18
0	782	2798.0	18
0	695	2801.0	18
0	752	2804.0	18
0	739	2807.0	18
0	781	2810.0	18
0	709	2813.0	18
0	663	2816.0	18
0	645	2819.0	18
0	634	2822.0	18
0	599	2825.0	18
0	533	2828.0	18
0	437	2831.0	18
0	420	2834.0	18
0	327	2837.0	18
0	308	2840.0	18
0	250	2843.0	18
0	239	2846.0	18
1	198	2849.0	18
0	128	2852.0	18
1	72	2855.0	18
0	50	2858.0	18
0	43	2861.0	18
0	15	2864.0	18
0	11	2867.0	18
1	3	2870.0	18
0	2	2873.0	18
1	1	2876.0	18
1	1	2879.0	18
0	4	2882.0	18
0	1	2885.0	18
0	0	2888.0	18
0	0	2891.0	18
0	0	2894.0	18
1	0	2897.0	18
0	0	2900.0	18
1	1146	2603.0	19
0	1171	2606.0	19
0	1100	2609.0	19
0	1181	2612.0	19
0	1186	2615.0	19
1	1170	2618.0	19
0	1117	2621.0	19
0	1108	2624.0	19
1	1033	2627.0	19
0	1023	2630.0	19
0	1057	2633.0	19
0	1008	2636.0	19
0	1015	2639.0	19
0	1071	2642.0	19
0	1103	2645.0	19
0	1090	2648.0	19
0	1117	2651.0	19
0	1023	2654.0	19
0	1036	2657.0	19
1	976	2660.0	19
0	1042	2663.0	19
1	1166	2666.0	19
0	1088	2669.0	19
0	1179	2672.0	19
0	1154	2675.0	19
0	1069	2678.0	19
0	1008	2681.0	19
0	1197	2684.0	19
1	1093	2687.0	19
4	1103	2690.0	19
0	1148	2693.0	19
1	1034	2696.0	19
0	1164	2699.0	19
1	1112	2702.0	19
0	1096	2705.0	19
0	1112	2708.0	19
0	1167	2711.0	19
0	1096	2714.0	19
0	1170	2717.0	19
0	1210	2720.0	19
0	1007	2723.0	19
0	1030	2726.0	19
0	1064	2729.0	19
0	1109	2732.0	19
0	1056	2735.0	19
1	1285	2738.0	19
1	1238	2741.0	19
0	1128	2744.0	19
0	1164	2747.0	19
3	970	2750.0	19
0	1168	2753.0	19
0	1080	2756.0	19
0	1103	2759.0	19
0	1131	2762.0	19
0	1099	2765.0	19
1	1108	2768.0	19
0	949	2771.0	19
0	902	2774.0	19
0	910	2777.0	19
0	806	2780.0	19
0	877	2783.0	19
0	815	2786.0	19
0	781	2789.0	19
0	838	2792.0	19
1	805	2795.0	19
0	857	2798.0	19
0	874	2801.0	19
0	753	2804.0	19
0	658	2807.0	19
1	616	2810.0	19
0	610	2813.0	19
0	593	2816.0	19
0	639	2819.0	19
1	643	2822.0	19
0	542	2825.0	19
0	478	2828.0	19
0	409	2831.0	19
0	370	2834.0	19
0	367	2837.0	19
0	354	2840.0	19
0	226	2843.0	19
1	230	2846.0	19
0	196	2849.0	19
0	125	2852.0	19
0	72	2855.0	19
0	52	2858.0	19
0	38	2861.0	19
0	18	2864.0	19
0	14	2867.0	19
0	8	2870.0	19
0	4	2873.0	19
0	4	2876.0	19
0	2	2879.0	19
0	3	2882.0	19
0	1	2885.0	19
0	0	2888.0	19
0	2	2891.0	19
0	0	2894.0	19
0	0	2897.0	19
0	0	2900.0	19
